0	1324	1
0	3000	1
0	3001	1
0	4407	1
0	4408	1
0	4413	1
0	4428	1
0	4478	1
0	4353	0
0	4311	0
0	4371	0
0	1262	0
0	4494	0
1	1542	1
1	4405	1
1	4497	0
1	4509	0
1	1581	0
1	4487	0
2	1319	1
2	1320	1
2	1574	1
2	1876	1
2	4405	1
2	1856	0
2	1236	0
2	4428	0
2	1892	0
2	266	0
3	1203	1
3	4331	0
3	4319	0
3	4353	0
3	4546	0
3	1204	0
4	4405	1
4	4487	1
4	4503	1
4	4510	1
4	3738	0
4	2490	0
4	2481	0
4	2484	0
4	3736	0
5	1203	1
5	1204	1
5	1210	1
5	2999	1
5	4405	1
5	1216	0
5	1492	0
5	1220	0
6	4405	1
6	4406	1
6	4413	1
6	4498	1
6	3401	0
6	3579	0
6	4525	0
6	2264	0
7	1324	1
7	4428	0
7	1320	0
7	1327	0
7	801	0
8	1689	1
8	1562	0
8	1668	0
8	1679	0
8	1600	0
8	1680	0
9	4501	1
9	1320	0
9	1204	0
9	4428	0
9	1874	0
9	4350	0
10	1711	1
10	4718	0
10	4677	0
10	4656	0
10	4710	0
10	674	0
11	1512	1
11	4306	0
11	4428	0
11	1802	0
11	4498	0
11	1657	0
12	1677	1
12	1757	1
12	4401	1
12	1678	0
12	1653	0
12	1785	0
12	1641	0
13	1748	1
13	2972	1
13	4401	1
13	4509	0
13	4494	0
13	4666	0
13	4310	0
13	4657	0
14	1540	1
14	2979	1
14	2980	1
14	2981	1
14	2982	1
14	2983	1
14	4401	1
14	3017	0
14	1446	0
14	2336	0
14	3592	0
14	4155	0
15	1299	1
15	1621	0
15	1668	0
15	1677	0
15	1679	0
15	1680	0
16	2974	1
16	2975	1
16	2976	1
16	2977	1
16	2978	1
16	4401	1
16	4503	1
16	4626	0
16	1760	0
16	4428	0
16	4498	0
16	1324	0
17	1591	1
17	3738	0
17	2490	0
17	2481	0
17	2484	0
17	3736	0
18	4478	1
18	729	0
18	556	0
18	557	0
18	731	0
18	695	0
19	784	1
19	4465	1
19	4529	1
19	4530	1
19	4539	1
19	4540	1
19	4545	1
19	4660	1
19	4661	1
19	4662	1
19	4663	1
19	4664	1
19	4665	1
19	4666	1
19	4667	1
19	4668	1
19	371	0
19	380	0
19	4535	0
19	343	0
19	38	0
20	1204	1
20	1211	1
20	1729	1
20	4465	1
20	4531	1
20	4532	1
20	4533	1
20	4536	1
20	4537	1
20	4538	1
20	4539	1
20	4541	1
20	4544	1
20	4546	1
20	4664	1
20	4667	1
20	4517	0
20	4497	0
20	2267	0
20	4501	0
20	1294	0
21	1300	1
21	1545	0
21	4355	0
21	1586	0
21	1720	0
22	1553	1
22	1677	1
22	1718	1
22	4401	1
22	3782	0
22	2996	0
22	4498	0
22	1291	0
22	4503	0
23	1254	1
23	1268	1
23	2968	1
23	2969	1
23	2970	1
23	2971	1
23	4401	1
23	4402	1
23	4413	1
23	3782	0
23	2996	0
23	2881	0
23	1803	0
23	4520	0
24	4510	1
24	1314	0
24	4487	0
24	1489	0
24	1711	0
24	4481	0
25	1280	1
25	2964	1
25	4397	1
25	4339	0
25	3738	0
25	2490	0
25	2481	0
26	1314	1
26	4397	1
26	4398	1
26	1818	0
26	417	0
26	1617	0
26	1874	0
26	1946	0
27	1314	1
27	1343	0
27	1253	0
27	1327	0
27	1595	0
27	4509	0
28	1711	1
28	2965	1
28	2966	1
28	4397	1
28	4498	1
28	4428	0
28	3019	0
28	1478	0
28	1291	0
29	1294	1
29	2960	1
29	2961	1
29	2962	1
29	2963	1
29	4397	1
29	4399	1
29	4413	1
29	4428	0
29	4311	0
29	4424	0
29	4353	0
30	1552	1
30	1892	0
30	779	0
30	1322	0
30	1472	0
30	1291	0
31	1711	1
31	2927	1
31	2928	1
31	2929	1
31	2930	1
31	2931	1
31	2932	1
31	2933	1
31	2934	1
31	2935	1
31	2936	1
31	2937	1
31	2938	1
31	2939	1
31	2940	1
31	2941	1
31	2942	1
31	2943	1
31	2944	1
31	2945	1
31	2946	1
31	2947	1
31	4394	1
31	4498	1
31	4327	0
31	1571	0
31	4623	0
31	4497	0
32	1247	1
32	4394	1
32	4428	0
32	1327	0
32	1320	0
32	1324	0
32	4472	0
33	1856	1
33	4428	0
33	1874	0
33	1853	0
33	1320	0
34	2925	1
34	2926	1
34	4394	1
34	4478	1
34	1320	0
34	1492	0
34	779	0
34	1491	0
34	4494	0
35	2924	1
35	4394	1
35	1343	0
35	1327	0
35	1342	0
35	4350	0
35	346	0
36	1662	1
36	4394	1
36	4487	0
36	4497	0
36	1678	0
36	1760	0
36	4501	0
37	1294	1
37	1689	1
37	1711	1
37	1747	1
37	1751	1
37	1752	1
37	1753	1
37	1760	1
37	2763	0
37	2765	0
37	1556	0
37	2766	0
37	4261	0
38	752	1
38	1203	0
38	1219	0
38	4501	0
38	1291	0
39	2923	1
39	4394	1
39	4480	1
39	1562	0
39	1679	0
39	1390	0
39	1668	0
39	1645	0
40	1747	1
40	4394	1
40	1294	0
40	1678	0
40	1709	0
40	4497	0
40	1711	0
41	1689	1
41	1562	0
41	1327	0
41	1645	0
41	4472	0
41	1641	0
42	1320	1
42	4428	0
42	1482	0
42	1327	0
42	197	0
43	4520	1
43	1926	0
43	1220	0
43	1218	0
43	1982	0
44	1714	1
44	4434	0
44	4384	0
44	4308	0
44	4353	0
44	4365	0
45	4487	1
45	4428	0
45	4497	0
45	1472	0
45	4498	0
46	4687	1
46	4377	0
46	1294	0
46	608	0
46	4705	0
46	4513	0
47	4497	1
47	1562	0
47	4631	0
47	1331	0
47	1327	0
47	4684	0
48	1204	1
48	4546	0
48	1203	0
48	1208	0
48	1856	0
49	4509	1
49	1712	0
49	4487	0
49	4494	0
49	1574	0
49	4497	0
50	4501	1
50	1492	0
50	1220	0
50	1211	0
50	1219	0
50	612	0
51	1760	1
51	1204	0
51	4503	0
51	4428	0
51	4501	0
51	1856	0
52	4517	1
52	4669	0
52	1204	0
52	1562	0
52	1208	0
52	4684	0
53	3826	1
53	3827	1
53	3828	1
53	4428	0
53	1324	0
53	1711	0
53	1856	0
53	1294	0
54	4480	1
54	3749	0
54	3751	0
54	2899	0
54	1919	0
54	3022	0
55	4371	1
55	1291	0
55	4498	0
55	4497	0
55	1678	0
55	4501	0
56	2661	1
56	4371	1
56	1327	0
56	159	0
56	4428	0
56	1320	0
56	4472	0
57	1761	1
57	1796	1
57	1797	1
57	1798	1
57	344	0
57	4434	0
57	730	0
57	4472	0
57	4126	0
58	4498	1
58	4327	0
58	4623	0
58	4497	0
58	4628	0
59	4494	1
59	1294	0
59	1291	0
59	4497	0
59	722	0
59	1324	0
60	1748	1
60	1751	1
60	1760	1
60	1327	0
60	1343	0
60	1665	0
60	1308	0
60	426	0
61	4460	1
61	1216	0
61	1220	0
61	4546	0
61	1211	0
61	1219	0
62	283	1
62	1320	0
62	4428	0
62	4419	0
62	277	0
62	205	0
63	1320	1
63	4428	0
63	1327	0
63	197	0
63	1324	0
64	1704	1
64	1783	1
64	4353	0
64	1601	0
64	1274	0
64	1600	0
64	1304	0
65	1324	1
65	1320	0
65	1327	0
65	4472	0
65	1482	0
65	159	0
66	1638	1
66	4669	0
66	4353	0
66	4716	0
66	4428	0
66	4674	0
67	1689	1
67	1253	0
67	1697	0
67	1343	0
67	1327	0
67	1299	0
68	1760	1
68	1665	0
68	566	0
68	1679	0
68	1645	0
68	1343	0
69	3919	1
69	4428	1
69	2622	0
69	3431	0
69	1496	0
69	3556	0
70	1291	1
70	1265	0
70	4498	0
70	1294	0
70	1711	0
71	1204	1
71	1216	1
71	1222	1
71	3065	0
71	1206	0
71	730	0
71	4424	0
71	4428	0
72	1299	1
72	3736	0
72	3738	0
72	2490	0
72	2952	0
72	2481	0
73	1539	1
73	1632	1
73	1667	1
73	1678	1
73	1777	1
73	1781	1
73	1785	1
73	1296	0
73	1294	0
73	1265	0
73	1264	0
74	4494	1
74	2899	0
74	3022	0
74	4008	0
74	3749	0
74	3751	0
75	1509	1
75	1562	0
75	4618	0
75	1571	0
75	1327	0
75	1204	0
76	4494	1
76	4503	1
76	4546	1
76	4346	0
76	1883	0
76	4347	0
76	4386	0
76	4330	0
77	1662	1
77	1778	1
77	4428	0
77	4480	0
77	1760	0
77	4497	0
78	4525	1
78	4440	0
78	4419	0
78	4428	0
78	4313	0
79	277	1
79	1320	0
79	4472	0
79	1327	0
79	4477	0
79	4494	0
80	288	1
80	1608	0
80	1604	0
80	1294	0
80	441	0
80	608	0
81	1393	1
81	1856	0
81	1469	0
81	1915	0
81	1869	0
82	1295	1
82	2219	0
82	4348	0
82	1291	0
82	4428	0
82	4353	0
83	1678	0
83	1204	0
83	1581	0
83	3806	0
83	3807	0
84	1291	1
84	1711	0
84	4498	0
84	4501	0
84	4428	0
85	283	1
85	4419	0
85	1320	0
85	4428	0
85	1324	0
85	799	0
86	1204	1
86	751	0
86	207	0
86	4420	0
86	1237	0
86	4433	0
87	1511	1
87	1251	0
87	1334	0
87	1253	0
87	1755	0
87	1517	0
88	1228	1
88	4389	0
88	4497	0
88	4137	0
88	110	0
88	251	0
89	2876	1
89	4386	1
89	4388	1
89	2221	0
89	4056	0
89	2218	0
89	2219	0
89	4434	0
90	1581	1
90	3736	0
90	1206	0
90	3738	0
90	1327	0
90	2490	0
91	4480	1
91	4319	0
91	4384	0
91	3417	0
91	4386	0
91	4331	0
92	4506	1
92	3584	0
92	1220	0
92	1216	0
92	1562	0
92	1492	0
93	4503	1
93	1562	0
93	4631	0
93	4684	0
93	1571	0
93	1331	0
94	4465	1
94	665	0
94	1895	0
94	4428	0
94	789	0
94	779	0
95	1574	1
95	510	0
95	94	0
95	1091	0
95	1102	0
95	1129	0
96	4494	1
96	1641	0
96	1645	0
96	1668	0
96	1679	0
96	1680	0
97	1760	1
97	4497	0
97	4501	0
97	4487	0
97	1664	0
97	4498	0
98	215	1
98	1926	0
98	1887	0
98	1960	0
98	348	0
98	216	0
99	4494	1
99	1562	0
99	1204	0
99	4497	0
99	1327	0
99	4498	0
100	4520	1
100	1947	0
100	1320	0
100	4503	0
100	2123	0
100	4501	0
101	1268	1
101	1856	0
101	4428	0
101	1874	0
101	210	0
101	209	0
102	1320	1
102	1492	0
102	802	0
102	1462	0
102	779	0
103	286	1
103	4510	0
103	4480	0
103	4497	0
103	737	0
103	4503	0
104	1324	1
104	4418	0
104	1004	0
104	4419	0
104	2779	0
104	1005	0
105	4525	1
105	1320	0
105	1327	0
105	4498	0
105	4631	0
105	1331	0
106	1320	1
106	1330	1
106	4426	0
106	1235	0
106	4428	0
106	1393	0
107	464	1
107	1697	0
107	1701	0
107	4685	0
107	1699	0
107	4686	0
108	283	1
108	1326	0
108	4525	0
108	4438	0
108	4428	0
109	1320	1
109	1324	1
109	4400	0
109	4660	0
109	4542	0
109	1326	0
109	4428	0
110	283	1
110	4428	0
110	4424	0
110	1320	0
110	3065	0
110	4487	0
111	4498	1
111	4428	0
111	1320	0
111	801	0
111	4472	0
111	1874	0
112	1714	1
112	4525	0
112	283	0
112	1237	0
112	1920	0
112	613	0
113	286	1
113	22	0
113	23	0
113	613	0
113	153	0
113	194	0
114	4487	1
114	4498	1
114	4501	1
114	1327	0
114	1467	0
114	1468	0
114	1475	0
114	4308	0
115	1856	1
115	1869	0
115	1874	0
115	1915	0
115	401	0
116	1237	1
116	1236	0
116	1462	0
116	163	0
116	1320	0
116	1482	0
117	3800	1
117	3801	1
117	3812	1
117	4418	0
117	4428	0
117	4426	0
117	4429	0
117	23	0
118	2775	1
118	2776	1
118	4375	1
118	372	0
118	4350	0
118	4073	0
118	267	0
118	4428	0
119	4480	1
119	4525	1
119	4497	0
119	4487	0
119	4498	0
119	4627	0
119	1679	0
120	286	1
120	4428	0
120	1327	0
120	4424	0
120	3748	0
120	163	0
121	4375	1
121	1332	0
121	1280	0
121	462	0
121	4353	0
121	1314	0
122	4497	1
122	1736	0
122	1740	0
122	1659	0
122	1574	0
122	1778	0
123	3636	1
123	3762	1
123	3763	1
123	3764	1
123	3765	1
123	3766	1
123	3767	1
123	3813	1
123	3816	1
123	3927	1
123	3929	1
123	3931	1
123	4428	1
123	1324	0
123	4480	0
123	4497	0
123	4498	0
124	1295	1
124	4428	0
124	1320	0
124	1324	0
124	4424	0
124	1327	0
125	4497	1
125	4487	0
125	612	0
125	4480	0
125	1320	0
126	1319	1
126	1320	1
126	4332	0
126	1472	0
126	3685	0
126	4324	0
126	1509	0
127	813	1
127	2040	0
127	2866	0
127	2587	0
127	2042	0
127	2537	0
128	1204	1
128	751	0
128	1320	0
128	4501	0
128	1236	0
129	1299	1
129	1343	0
129	1308	0
129	1253	0
129	1296	0
129	1665	0
130	1590	1
130	1641	1
130	1646	1
130	1677	1
130	1511	0
130	1320	0
130	1291	0
130	1324	0
130	4497	0
131	4362	1
131	3058	0
131	2121	0
131	2506	0
131	2141	0
131	2534	0
132	1631	1
132	1600	0
132	1679	0
132	1668	0
132	1680	0
132	1272	0
133	1294	1
133	1343	0
133	4497	0
133	1760	0
133	1665	0
134	4501	1
134	4482	0
134	4498	0
134	1204	0
134	4624	0
134	4497	0
135	4487	1
135	1220	0
135	1216	0
135	1200	0
135	614	0
135	1204	0
136	1747	1
136	1343	0
136	1327	0
136	1665	0
136	1308	0
136	426	0
137	1330	1
137	1327	0
137	1320	0
137	3065	0
137	1343	0
137	4472	0
138	4487	1
138	4510	1
138	4497	0
138	4509	0
138	4498	0
139	1344	1
139	1342	0
139	1489	0
139	1343	0
139	1497	0
140	1856	1
140	1869	0
140	1915	0
140	2668	0
140	1874	0
141	1291	1
141	1327	0
141	1320	0
141	609	0
141	4428	0
141	1482	0
142	1711	1
142	1778	0
142	1343	0
142	1327	0
142	1464	0
142	162	0
143	4684	1
143	2748	0
143	2751	0
143	2753	0
143	2221	0
143	1693	0
144	1320	1
144	208	0
144	782	0
144	4427	0
144	780	0
145	4501	1
145	1327	0
145	4472	0
145	1562	0
145	1331	0
145	4497	0
146	1760	1
146	1832	0
146	1756	0
146	464	0
146	4500	0
146	612	0
147	4686	1
147	1562	0
147	1697	0
147	4684	0
147	1780	0
147	1204	0
148	4684	1
148	2753	0
148	1693	0
148	1702	0
148	2748	0
148	4508	0
149	1713	1
149	1921	0
149	1389	0
149	1659	0
149	767	0
149	1919	0
150	1805	1
150	849	0
150	2587	0
150	2537	0
150	2715	0
150	2701	0
151	1343	1
151	1375	1
151	1376	1
151	1381	0
151	1342	0
151	1300	0
151	434	0
152	2551	1
152	2552	1
152	4353	1
152	4688	0
152	3450	0
152	4628	0
152	1856	0
152	4428	0
153	1711	1
153	4428	0
153	1856	0
153	1320	0
153	1319	0
153	1462	0
154	1747	1
154	4678	1
154	3584	0
154	1217	0
154	1204	0
154	1220	0
154	4709	0
155	1314	1
155	1343	0
155	1327	0
155	4428	0
155	4350	0
155	1272	0
156	1856	1
156	1869	0
156	1915	0
156	1852	0
156	782	0
157	1206	1
157	4501	0
157	4428	0
157	4503	0
157	1204	0
157	4525	0
158	4428	0
158	162	0
158	1856	0
158	163	0
158	4421	0
159	1540	1
159	1542	1
159	1562	1
159	1590	1
159	1591	1
159	1593	1
159	1594	1
159	1595	1
159	1596	1
159	1600	1
159	1601	1
159	1605	1
159	1608	1
159	1609	1
159	1610	1
159	1611	1
159	1612	1
159	1613	1
159	1614	1
159	1616	1
159	1617	1
159	1621	1
159	1622	1
159	1626	1
159	1627	1
159	1631	1
159	1637	1
159	1641	1
159	1642	1
159	1644	1
159	1646	1
159	1647	1
159	1649	1
159	1654	1
159	1656	1
159	1657	1
159	1658	1
159	1660	1
159	1661	1
159	1664	1
159	1666	1
159	1668	1
159	1669	1
159	1670	1
159	1672	1
159	1673	1
159	1677	1
159	1678	1
159	1679	1
159	1680	1
159	1681	1
159	1682	1
159	1689	1
159	1710	1
159	1711	1
159	1748	1
159	1751	1
159	2464	1
159	2465	1
159	4348	1
159	4482	1
159	4498	1
159	1327	0
159	1343	0
159	4497	0
160	1577	1
160	2414	1
160	2415	1
160	2416	1
160	2417	1
160	4348	1
160	4497	0
160	1204	0
160	4509	0
160	4684	0
160	4498	0
161	216	1
161	344	1
161	266	0
161	348	0
161	264	0
161	270	0
162	2462	1
162	2463	1
162	4348	1
162	4482	1
162	4669	0
162	2772	0
162	2774	0
162	2773	0
162	4353	0
163	3740	1
163	3741	1
163	3742	1
163	3743	1
163	4428	1
163	1327	0
163	1343	0
163	1322	0
163	1308	0
163	1320	0
164	1320	1
164	1856	0
164	1874	0
164	801	0
164	1869	0
164	802	0
165	1613	1
165	1714	1
165	3069	1
165	4350	1
165	4428	0
165	162	0
165	267	0
165	4525	0
166	4348	1
166	3736	0
166	2490	0
166	3738	0
166	2481	0
166	2484	0
167	1678	1
167	2448	1
167	2449	1
167	2450	1
167	4348	1
167	2875	0
167	2874	0
167	4353	0
168	4331	1
168	4520	1
168	1678	0
168	1659	0
168	1672	0
168	1666	0
168	1620	0
169	1549	1
169	3752	1
169	4428	1
169	4482	1
169	1204	0
169	266	0
169	4501	0
169	1685	0
169	1658	0
170	1709	1
170	4348	1
170	4424	0
170	2030	0
170	1504	0
170	4628	0
170	3063	0
171	1326	1
171	2404	1
171	4348	1
171	4020	0
171	3039	0
171	4218	0
171	3038	0
171	4181	0
172	1299	1
172	2456	1
172	2457	1
172	4348	1
172	1327	0
172	1680	0
172	1343	0
172	1679	0
172	1600	0
173	1689	1
173	2435	1
173	2436	1
173	2437	1
173	4348	1
173	1327	0
173	1320	0
173	4493	0
173	4684	0
173	4472	0
174	1836	1
174	1838	1
174	1839	1
174	2445	1
174	2446	1
174	2447	1
174	4348	1
174	4497	0
174	857	0
174	1583	0
175	1208	1
175	1721	1
175	1203	0
175	1756	0
175	1552	0
176	1208	1
176	1721	1
176	4601	1
176	4688	1
176	1200	0
176	614	0
176	1899	0
176	1217	0
176	3584	0
177	68	1
177	771	1
177	778	1
177	1511	1
177	1760	0
177	1324	0
177	4501	0
177	4497	0
177	4428	0
178	1204	1
178	1211	1
178	4348	1
178	4546	1
178	277	0
178	4501	0
178	1393	0
178	1324	0
178	4319	0
179	1204	1
179	1207	1
179	1210	1
179	3452	1
179	4546	1
179	1856	0
179	1291	0
179	4509	0
179	4497	0
180	1658	1
180	4348	1
180	4428	1
180	4495	1
180	2385	0
180	4497	0
180	3450	0
180	1253	0
180	4509	0
181	4348	1
181	4494	1
181	3571	0
181	2590	0
181	636	0
181	4569	0
181	1448	0
182	1703	1
182	4657	1
182	4712	1
182	4487	0
182	4497	0
182	4482	0
182	4501	0
182	4498	0
183	1314	1
183	4348	1
183	3963	0
183	4509	0
183	1327	0
183	3990	0
183	2390	0
184	1204	1
184	1210	1
184	4331	1
184	1892	0
184	1760	0
184	1856	0
184	1988	0
185	767	1
185	4327	0
185	4546	0
185	4497	0
185	1562	0
185	1204	0
186	612	1
186	651	1
186	657	1
186	1220	0
186	1204	0
186	1216	0
186	1208	0
187	1760	1
187	1874	1
187	3406	1
187	4319	1
187	4546	1
187	3738	0
187	2490	0
187	2481	0
187	2484	0
187	3736	0
188	1330	1
188	1327	0
188	1464	0
188	4472	0
188	1320	0
188	799	0
189	4348	1
189	4498	1
189	4309	0
189	4311	0
189	4428	0
189	1253	0
189	4353	0
190	799	1
190	4472	0
190	4311	0
190	397	0
190	801	0
191	1246	1
191	4428	1
191	266	0
191	1314	0
191	1204	0
191	1971	0
191	414	0
192	1227	1
192	3478	1
192	3479	1
192	4348	1
192	1856	0
192	1324	0
192	1393	0
192	4487	0
192	1899	0
193	2418	1
193	4348	1
193	1888	0
193	734	0
193	4484	0
193	1314	0
194	4497	1
194	562	0
194	4166	0
194	4161	0
194	2198	0
194	3065	0
195	1332	1
195	4428	0
195	4421	0
195	802	0
195	801	0
195	4420	0
196	1203	1
196	3065	0
196	4256	0
196	4546	0
196	4493	0
196	1216	0
197	1709	1
197	4348	1
197	4428	0
197	4494	0
197	4509	0
197	4497	0
197	1760	0
198	1752	1
198	2402	1
198	4348	1
198	4494	0
198	4498	0
198	4493	0
198	4497	0
199	1253	1
199	4348	1
199	4449	1
199	715	0
199	744	0
199	706	0
199	707	0
199	705	0
200	1236	1
200	4348	1
200	4685	0
200	1699	0
200	4709	0
200	1709	0
200	1697	0
201	4344	1
201	4498	1
201	1265	0
201	1291	0
201	1711	0
201	277	0
202	1582	1
202	2392	1
202	4344	1
202	4428	0
202	4373	0
202	1467	0
202	1468	0
203	1325	1
203	1343	0
203	1327	0
203	1464	0
203	1320	0
203	799	0
204	4546	1
204	1210	0
204	3452	0
204	4319	0
204	1207	0
204	1204	0
205	4344	1
205	4503	1
205	1562	0
205	4631	0
205	4684	0
205	1327	0
205	1331	0
206	1249	1
206	1257	1
206	1272	1
206	1294	1
206	1582	1
206	4344	1
206	4509	1
206	4510	1
206	4428	0
206	4487	0
206	4498	0
206	1709	0
207	2384	1
207	2385	1
207	2386	1
207	2387	1
207	4344	1
207	4497	1
207	4517	1
207	1217	0
207	4147	0
207	3584	0
207	4518	0
208	1760	1
208	2382	1
208	2383	1
208	4344	1
208	4487	1
208	3418	0
208	3425	0
208	1343	0
208	4319	0
208	3417	0
209	1748	1
209	4344	1
209	3741	0
209	3743	0
209	1472	0
209	4324	0
209	2722	0
210	1856	1
210	1869	1
210	1853	0
210	782	0
210	1855	0
210	801	0
211	277	1
211	283	1
211	931	0
211	1324	0
211	4401	0
211	4525	0
211	1814	0
212	1203	1
212	1209	1
212	1212	1
212	1213	1
212	1217	1
212	4367	0
212	3065	0
212	4709	0
212	3584	0
213	4657	1
213	4712	1
213	2220	0
213	2159	0
213	1033	0
213	832	0
213	1036	0
214	1844	1
214	1848	1
214	1850	1
214	1699	0
214	443	0
214	426	0
214	442	0
214	434	0
215	1320	1
215	751	0
215	266	0
215	3433	0
215	1876	0
215	4331	0
216	1204	1
216	3431	1
216	4344	1
216	4503	0
216	1220	0
216	1492	0
216	1216	0
217	1736	1
217	4686	1
217	4716	1
217	4311	0
217	4353	0
217	4394	0
217	397	0
217	4328	0
218	267	1
218	1325	1
218	1326	1
218	4339	1
218	4344	1
218	3038	0
218	3039	0
218	4218	0
218	1485	0
218	3158	0
219	1206	1
219	2371	1
219	2372	1
219	2373	1
219	2374	1
219	4344	1
219	4353	0
219	4311	0
219	4442	0
219	4306	0
220	1595	1
220	4344	1
220	4472	0
220	1492	0
220	1874	0
220	1491	0
220	4311	0
221	1294	1
221	1711	1
221	3733	1
221	3734	1
221	3735	1
221	4428	1
221	4497	0
221	4487	0
221	1327	0
221	4498	0
221	1562	0
222	1549	1
222	1550	1
222	1711	1
222	2352	1
222	4327	1
222	4344	1
222	4620	1
222	4622	1
222	4626	1
222	2330	0
222	4318	0
222	3685	0
222	4311	0
222	4339	0
223	3433	1
223	4331	0
223	1467	0
223	1856	0
223	1462	0
223	201	0
224	1280	1
224	2354	1
224	2355	1
224	2356	1
224	2357	1
224	2358	1
224	2359	1
224	2360	1
224	2361	1
224	4344	1
224	4480	1
224	4428	0
224	4384	0
224	4353	0
224	4319	0
224	4311	0
225	1574	1
225	4428	1
225	4482	1
225	4497	0
225	4509	0
225	1210	0
226	4344	1
226	4497	1
226	4428	0
226	3065	0
226	1204	0
226	4487	0
227	584	1
227	4344	1
227	722	0
227	1343	0
227	721	0
227	561	0
227	581	0
228	1736	1
228	4682	1
228	4683	1
228	4686	1
228	4716	1
228	4671	0
228	1664	0
228	1663	0
228	1272	0
228	4311	0
229	1253	1
229	1294	1
229	1324	1
229	4428	1
229	1327	0
229	1320	0
229	4472	0
229	1464	0
229	159	0
230	1844	1
230	265	0
230	1220	0
230	1467	0
230	782	0
230	4418	0
231	4344	1
231	3065	0
231	665	0
231	4678	0
231	1762	0
231	4705	0
232	1659	1
232	4344	1
232	1327	0
232	4497	0
232	1206	0
232	1562	0
232	1320	0
233	1856	1
233	1760	0
233	1869	0
233	1210	0
233	1988	0
234	1683	1
234	3731	1
234	4428	1
234	1327	0
234	1320	0
234	4472	0
234	1343	0
235	4504	1
235	1856	0
235	801	0
235	1874	0
235	1327	0
235	4472	0
236	2353	1
236	4344	1
236	4345	1
236	4411	1
236	4497	1
236	4503	1
236	1327	0
236	4472	0
236	1562	0
236	1320	0
236	4631	0
237	1549	1
237	1550	1
237	4428	1
237	545	0
237	1874	0
237	4509	0
237	4487	0
238	1280	1
238	1327	0
238	1343	0
238	4472	0
238	1464	0
238	1381	0
239	1326	1
239	1327	0
239	1343	0
239	1464	0
239	799	0
239	1320	0
240	1325	1
240	1327	0
240	1343	0
240	1320	0
240	1464	0
240	799	0
241	1291	1
241	1550	1
241	1636	1
241	1678	1
241	4339	1
241	2332	0
241	2779	0
241	184	0
241	4379	0
241	2256	0
242	2341	1
242	2342	1
242	4339	1
242	1327	0
242	4472	0
242	1320	0
242	4493	0
242	1562	0
243	267	1
243	288	1
243	4339	1
243	3738	0
243	2490	0
243	3736	0
243	2481	0
243	2484	0
244	1583	1
244	1584	1
244	1586	1
244	4339	1
244	4377	0
244	4525	0
244	4428	0
244	214	0
244	4328	0
245	1672	1
245	4339	1
245	1343	0
245	1327	0
245	1381	0
245	1679	0
245	1390	0
246	1320	1
246	1324	1
246	3719	1
246	3720	1
246	4428	1
246	207	0
246	162	0
246	1319	0
247	568	1
247	1236	1
247	1319	1
247	1320	1
247	1322	1
247	1574	1
247	1760	1
247	3060	1
247	4340	1
247	4343	1
247	4509	1
247	4497	0
247	4498	0
247	4487	0
248	1236	1
248	1239	1
248	1245	1
248	1319	1
248	1320	1
248	1322	1
248	1467	1
248	1483	1
248	1856	1
248	1869	1
248	1892	1
248	4311	1
248	4319	1
248	4434	1
248	1327	0
248	1204	0
248	4353	0
248	1760	0
249	1572	1
249	1576	1
249	1577	1
249	1709	0
249	1697	0
249	4498	0
249	4509	0
249	1711	0
250	1693	1
250	1698	1
250	1701	1
250	1703	1
250	4524	1
250	4714	1
250	1204	0
250	1253	0
250	4498	0
250	4497	0
251	1509	1
251	2309	1
251	2310	1
251	4339	1
251	4434	0
251	4311	0
251	4307	0
251	4394	0
251	1885	0
252	1316	1
252	3703	1
252	3704	1
252	4428	1
252	1856	0
252	4421	0
252	4501	0
252	1892	0
253	4339	1
253	4501	1
253	461	0
253	469	0
253	4428	0
253	4438	0
253	1272	0
254	1206	1
254	2339	1
254	4339	1
254	4428	0
254	4503	0
254	1492	0
254	779	0
254	1462	0
255	1653	1
255	203	0
255	4311	0
255	1314	0
255	4498	0
255	4153	0
256	4339	1
256	3408	0
256	2817	0
256	4353	0
256	4306	0
256	2465	0
257	2305	1
257	2306	1
257	2307	1
257	2308	1
257	4339	1
257	4498	1
257	2295	0
257	2293	0
257	2294	0
257	2299	0
258	1280	1
258	4339	1
258	2587	0
258	2537	0
258	2715	0
258	2492	0
258	2679	0
259	3696	1
259	3697	1
259	3698	1
259	3945	1
259	3946	1
259	4428	1
259	4501	1
259	1327	0
259	1320	0
259	4472	0
259	801	0
259	1471	0
260	4339	1
260	4480	1
260	17	0
260	1319	0
260	1320	0
260	1236	0
261	1320	1
261	1327	0
261	1482	0
261	801	0
261	1324	0
262	1347	1
262	1353	1
262	1489	1
262	4428	0
262	1462	0
262	485	0
262	1477	0
263	4497	1
263	1327	0
263	1562	0
263	4472	0
263	1679	0
264	1247	1
264	2317	1
264	2330	1
264	4339	1
264	1343	0
264	1327	0
264	1381	0
264	1320	0
264	1342	0
265	1320	1
265	4421	1
265	4428	1
265	1327	0
265	1324	0
265	801	0
265	1482	0
266	288	1
266	291	1
266	1325	1
266	2328	1
266	4339	1
266	4335	0
266	1464	0
266	1484	0
266	1460	0
266	1465	0
267	4503	1
267	4501	0
267	1856	0
267	4418	0
267	1869	0
267	1462	0
268	1247	1
268	4339	1
268	4362	0
268	3553	0
268	1507	0
268	2675	0
269	4428	1
269	3065	0
269	4617	0
269	4509	0
269	4487	0
269	4621	0
270	1664	1
270	4339	1
270	3738	0
270	2490	0
270	2481	0
270	2484	0
270	3736	0
271	1622	1
271	1672	1
271	2327	1
271	4339	1
271	4311	0
271	4428	0
271	4353	0
271	4424	0
272	1689	1
272	2325	1
272	2326	1
272	4339	1
272	1562	0
272	4472	0
272	1874	0
272	1327	0
272	4497	0
273	1760	1
273	4503	1
273	4497	0
273	4509	0
273	1324	0
274	1550	1
274	4428	1
274	1327	0
274	1320	0
274	1343	0
274	1482	0
275	214	1
275	216	1
275	218	1
275	344	1
275	267	0
275	264	0
275	395	0
275	342	0
275	211	0
276	4490	1
276	4493	1
276	4494	1
276	4642	1
276	4709	1
276	1327	0
276	4472	0
276	1320	0
276	4684	0
277	1713	1
277	1803	1
277	1292	0
277	1279	0
277	2587	0
277	1695	0
277	2705	0
278	1747	1
278	1327	0
278	1464	0
278	1320	0
278	1343	0
278	4472	0
279	1747	1
279	4312	1
279	4339	1
279	4340	1
279	4411	1
279	60	0
279	11	0
279	7	0
279	14	0
279	0	0
280	218	1
280	238	1
280	239	1
280	240	1
280	265	1
280	269	1
280	396	1
280	2900	0
280	3021	0
280	1870	0
280	395	0
280	262	0
281	2272	1
281	2273	1
281	4311	1
281	4482	1
281	4497	1
281	3065	0
281	1204	0
281	4623	0
281	4546	0
282	237	1
282	265	1
282	271	1
282	396	1
282	1325	1
282	1326	1
282	3682	1
282	3690	1
282	3692	1
282	267	0
282	268	0
282	1926	0
282	4660	0
283	1208	1
283	1703	1
283	4657	1
283	4712	1
283	4714	1
283	2023	0
283	3401	0
283	4311	0
283	397	0
283	1885	0
284	1203	1
284	1984	0
284	4330	0
284	1982	0
284	1987	0
284	4351	0
285	1574	1
285	4482	1
285	1760	0
285	612	0
285	1324	0
285	4487	0
286	4546	1
286	4498	0
286	1204	0
286	4501	0
286	1755	0
287	4311	1
287	4480	0
287	4306	0
287	1659	0
287	4394	0
288	1752	1
288	1327	0
288	1343	0
288	1320	0
288	1390	0
288	4493	0
289	1204	1
289	2251	1
289	3457	1
289	3458	1
289	4319	1
289	1210	0
289	4331	0
289	1467	0
289	3433	0
290	3405	1
290	4319	1
290	4482	1
290	4497	1
290	446	0
290	447	0
290	4341	0
290	445	0
290	448	0
291	218	1
291	1253	1
291	354	0
291	43	0
291	328	0
291	348	0
291	4371	0
292	1698	1
292	4657	1
292	4686	1
292	4712	1
292	1785	0
292	4328	0
292	4497	0
293	4311	1
293	4497	1
293	1962	0
293	801	0
293	1869	0
293	1856	0
293	1915	0
294	426	1
294	485	1
294	3557	0
294	464	0
294	4686	0
295	1204	1
295	1882	1
295	1883	1
295	1885	1
295	4331	1
295	4546	1
295	4686	1
295	4447	0
295	4446	0
295	1856	0
295	1210	0
296	1631	1
296	4311	1
296	3065	0
296	4497	0
296	4428	0
296	4487	0
296	4424	0
297	1303	1
297	4311	1
297	4377	0
297	4328	0
297	4498	0
297	4480	0
298	1760	1
298	2259	1
298	2260	1
298	4311	1
298	3065	0
298	1206	0
298	4424	0
298	4497	0
298	373	0
299	1319	1
299	3687	1
299	3688	1
299	4421	1
299	4428	1
299	734	0
299	65	0
299	1829	0
299	728	0
299	4228	0
300	1574	1
300	1713	1
300	1760	1
300	4311	1
300	1320	0
300	1892	0
300	4546	0
300	1492	0
301	1698	1
301	4524	0
301	4686	0
301	1697	0
301	1203	0
301	1204	0
302	1698	1
302	4311	1
302	58	0
302	59	0
302	74	0
302	3882	0
302	57	0
303	1574	1
303	1581	1
303	1600	1
303	1601	1
303	1637	1
303	1679	1
303	1682	1
303	1760	1
303	4328	1
303	4482	1
303	4497	1
303	1562	0
303	4472	0
303	1327	0
304	1210	1
304	3422	1
304	3426	1
304	4319	1
304	1204	0
304	1892	0
304	4503	0
304	1319	0
304	1236	0
305	1689	1
305	1711	1
305	4311	1
305	4482	1
305	3463	0
305	2330	0
305	479	0
305	3392	0
305	1737	0
306	1659	1
306	4311	1
306	3725	0
306	2720	0
306	2219	0
306	871	0
306	876	0
307	431	1
307	441	1
307	1888	0
307	4503	0
307	4477	0
307	464	0
307	1294	0
308	2252	1
308	2253	1
308	2254	1
308	2255	1
308	2256	1
308	4311	1
308	4498	1
308	779	0
309	1509	1
309	1713	1
309	4311	1
309	4497	0
309	1760	0
309	1678	0
309	4509	0
309	1709	0
310	1204	1
310	4546	1
310	1203	0
310	1216	0
310	1211	0
311	1294	1
311	1297	1
311	4311	1
311	1617	0
311	1818	0
311	1851	0
311	4428	0
312	426	1
312	432	1
312	433	1
312	434	1
312	435	1
312	3554	1
312	4311	1
312	418	0
312	4328	0
312	471	0
312	2833	0
313	1298	1
313	4311	1
313	4428	0
313	4501	0
313	4525	0
313	1291	0
313	214	0
314	1565	1
314	1691	1
314	1697	1
314	1698	1
314	1699	1
314	1701	1
314	1702	1
314	1703	1
314	1736	1
314	1744	1
314	3393	1
314	3555	1
314	4311	1
314	4503	1
314	4524	1
314	4671	1
314	4673	1
314	4674	1
314	4684	1
314	4686	1
314	1740	0
314	1775	0
314	4669	0
315	1677	1
315	4669	0
315	4353	0
315	1204	0
315	4497	0
315	4498	0
316	4487	1
316	1762	0
316	1761	0
316	1892	0
316	3065	0
316	1393	0
317	2251	1
317	3458	1
317	4311	1
317	4546	1
317	1220	0
317	1216	0
317	1217	0
317	3584	0
317	1203	0
318	4520	1
318	1320	0
318	1277	0
318	3065	0
318	4377	0
318	1236	0
319	1637	1
319	1562	0
319	1679	0
319	1600	0
319	1668	0
319	1680	0
320	1661	1
320	1664	1
320	4311	1
320	1272	0
320	4480	0
320	1679	0
320	1600	0
320	1740	0
321	4509	1
321	3401	0
321	3450	0
321	3413	0
321	3449	0
321	3410	0
322	4311	1
322	4428	0
322	3446	0
322	3401	0
322	4350	0
322	1778	0
323	1320	1
323	1467	0
323	1462	0
323	1856	0
323	782	0
324	4311	1
324	4498	1
324	3738	0
324	2490	0
324	2952	0
324	2481	0
324	2484	0
325	1262	1
325	4311	1
325	1888	0
325	4353	0
325	1300	0
325	4309	0
326	2212	1
326	2213	1
326	2214	1
326	2215	1
326	4311	1
326	4498	1
326	2719	0
326	2264	0
326	3694	0
326	3695	0
326	3587	0
327	1294	1
327	4311	1
327	1343	0
327	1327	0
327	1464	0
327	4472	0
327	1381	0
328	1204	1
328	1511	0
328	1712	0
328	1758	0
328	1655	0
328	1661	0
329	1280	1
329	3417	1
329	3418	1
329	4319	1
329	4480	1
329	4428	0
329	1236	0
329	210	0
329	1320	0
329	1462	0
330	1509	1
330	1576	1
330	1577	1
330	2232	1
330	4311	1
330	4424	0
330	4428	0
330	4498	0
330	4353	0
331	4311	1
331	4487	1
331	4509	0
331	4490	0
331	1810	0
331	339	0
331	359	0
332	1319	1
332	4428	0
332	4503	0
332	1322	0
332	4487	0
332	1327	0
333	1203	1
333	1204	1
333	1216	0
333	1208	0
333	4546	0
334	1664	1
334	4311	1
334	1327	0
334	1562	0
334	1680	0
334	1679	0
334	4472	0
335	4311	1
335	4487	1
335	2490	0
335	3738	0
335	2481	0
335	2484	0
335	3736	0
336	1608	1
336	1622	1
336	4311	1
336	4394	0
336	4306	0
336	4480	0
336	3446	0
337	1462	0
337	197	0
337	210	0
337	1876	0
337	1487	0
338	513	1
338	4442	0
338	2900	0
338	3021	0
338	4388	0
338	1855	0
339	1760	1
339	4503	1
339	1471	0
339	4638	0
339	190	0
339	3415	0
339	3416	0
340	214	1
340	217	1
340	218	1
340	265	1
340	267	1
340	268	1
340	270	1
340	274	1
340	275	1
340	276	1
340	292	1
340	396	1
340	1291	0
340	4498	0
340	1326	0
340	1314	0
340	1711	0
341	3944	1
341	4428	1
341	4497	0
341	1856	0
341	4418	0
341	1324	0
342	1204	1
342	1210	1
342	1236	1
342	1239	1
342	1319	1
342	1320	1
342	1322	1
342	1327	1
342	1468	1
342	1483	1
342	1758	1
342	1856	1
342	1884	1
342	1892	1
342	3425	1
342	4319	1
342	4487	1
342	4498	1
342	4501	1
342	4509	1
342	4428	0
342	1854	0
342	162	0
342	723	0
343	1594	1
343	1595	1
343	1600	1
343	1601	1
343	1609	1
343	1610	1
343	1612	1
343	1616	1
343	1626	1
343	1654	1
343	1656	1
343	1657	1
343	1658	1
343	1660	1
343	1661	1
343	1668	1
343	1669	1
343	1672	1
343	1679	1
343	1680	1
343	1681	1
343	1682	1
343	1489	0
343	1342	0
343	1497	0
343	4428	0
343	1326	0
344	1264	1
344	4311	1
344	1314	0
344	4328	0
344	4405	0
344	3618	0
344	426	0
345	283	1
345	1326	1
345	4311	1
345	4482	0
345	1982	0
345	1220	0
345	1736	0
345	1740	0
346	4337	1
346	4482	1
346	4517	1
346	1574	0
346	1754	0
346	3390	0
346	3456	0
347	598	1
347	3065	0
347	4353	0
347	4424	0
347	4487	0
347	4497	0
348	595	1
348	4510	1
348	14	0
348	1778	0
348	68	0
348	79	0
348	779	0
349	4311	1
349	2815	0
349	4216	0
349	1021	0
349	1022	0
349	729	0
350	1712	1
350	4311	1
350	4498	0
350	1204	0
350	4497	0
350	4501	0
351	1320	1
351	1487	1
351	1572	1
351	1573	1
351	1576	1
351	1577	1
351	1581	1
351	1666	1
351	1673	1
351	1678	1
351	1689	1
351	1709	1
351	1711	1
351	1757	1
351	1760	1
351	4481	1
351	4498	1
351	4509	1
351	4377	0
351	4428	0
351	4525	0
352	1203	1
352	1204	1
352	1208	1
352	4523	1
352	751	0
352	1216	0
353	1253	1
353	1294	1
353	1512	1
353	4311	1
353	4495	1
353	1856	0
353	4326	0
353	4428	0
353	269	0
354	4311	1
354	3820	0
354	2637	0
354	2792	0
354	4043	0
354	2921	0
355	4684	0
355	4497	0
355	4472	0
355	1327	0
355	1562	0
356	426	1
356	439	1
356	458	1
356	478	1
356	543	1
356	608	1
356	666	1
356	1255	1
356	1272	1
356	1273	1
356	1563	1
356	1591	1
356	1593	1
356	1595	1
356	1600	1
356	1601	1
356	1609	1
356	1610	1
356	1622	1
356	1626	1
356	1627	1
356	1631	1
356	1637	1
356	1642	1
356	1644	1
356	1647	1
356	1649	1
356	1654	1
356	1655	1
356	1656	1
356	1657	1
356	1658	1
356	1660	1
356	1661	1
356	1664	1
356	1666	1
356	1668	1
356	1669	1
356	1670	1
356	1672	1
356	1673	1
356	1678	1
356	1679	1
356	1680	1
356	1681	1
356	1682	1
356	1691	1
356	1695	1
356	1696	1
356	1697	1
356	1698	1
356	1699	1
356	1701	1
356	1702	1
356	1703	1
356	1704	1
356	1713	1
356	1731	1
356	1734	1
356	1735	1
356	1736	1
356	1737	1
356	1738	1
356	1752	1
356	1760	1
356	1766	1
356	1767	1
356	1777	1
356	1783	1
356	1787	1
356	3393	1
356	4311	1
356	4318	1
356	4657	1
356	4670	1
356	4671	1
356	4680	1
356	4684	1
356	4686	1
356	4712	1
356	4714	1
356	4716	1
356	1785	0
356	1562	0
356	1781	0
357	513	1
357	4311	1
357	1327	0
357	4472	0
357	1320	0
357	1464	0
357	1471	0
358	1595	1
358	4311	1
358	1327	0
358	1562	0
358	4472	0
358	4497	0
358	1320	0
359	1294	1
359	4311	1
359	4428	0
359	1664	0
359	4503	0
359	4525	0
359	1614	0
360	4311	1
360	4490	1
360	4153	0
360	2874	0
360	4051	0
360	4219	0
360	4220	0
361	1856	0
361	1236	0
361	1492	0
361	4472	0
361	1320	0
362	1291	1
362	1294	1
362	1299	1
362	1709	1
362	1711	1
362	1393	0
362	1988	0
362	4428	0
362	1856	0
362	767	0
363	1314	1
363	4311	1
363	1657	0
363	1978	0
363	1891	0
363	1947	0
363	1901	0
364	1268	1
364	2206	1
364	2207	1
364	4311	1
364	2053	0
364	2058	0
364	1016	0
364	819	0
365	1601	1
365	4311	1
365	1819	0
365	1822	0
365	3407	0
365	4502	0
365	1654	0
366	2289	1
366	2290	1
366	4311	1
366	4498	1
366	4509	1
366	1220	0
366	614	0
366	1200	0
366	3584	0
366	615	0
367	1314	1
367	4311	1
367	1856	0
367	4428	0
367	1253	0
367	4501	0
367	358	0
368	4311	1
368	4498	1
368	4510	1
368	4116	0
368	3989	0
368	4117	0
368	1888	0
368	3684	0
369	4311	1
369	4447	1
369	4501	1
369	4446	0
369	1609	0
369	1757	0
369	1654	0
369	1610	0
370	4311	1
370	1778	0
370	14	0
370	11	0
370	68	0
370	779	0
371	4497	1
371	4510	1
371	2143	0
371	1440	0
371	1450	0
371	1457	0
371	2493	0
372	772	1
372	1713	1
372	3425	1
372	1760	0
372	1472	0
372	1803	0
372	277	0
372	4501	0
373	1837	1
373	1844	1
373	4509	1
373	4497	0
373	1631	0
373	4487	0
373	4428	0
374	1314	1
374	4311	1
374	833	0
374	840	0
374	1327	0
374	168	0
374	1322	0
375	1601	1
375	4311	1
375	3436	0
375	3462	0
375	3471	0
375	1658	0
375	3400	0
376	1709	1
376	2274	1
376	2275	1
376	2276	1
376	4311	1
376	4497	0
376	4487	0
376	1314	0
376	4324	0
376	4310	0
377	1247	1
377	4311	1
377	1343	0
377	4350	0
377	1253	0
377	1342	0
378	4311	1
378	2874	0
378	4219	0
378	4220	0
378	4221	0
378	4222	0
379	4311	1
379	3519	0
379	2287	0
379	4443	0
379	3939	0
379	4306	0
380	4490	1
380	4492	1
380	4493	1
380	4494	1
380	4609	1
380	4701	1
380	1937	0
380	4497	0
380	1661	0
380	4482	0
380	4498	0
381	4311	1
381	4424	0
381	3065	0
381	4393	0
381	1512	0
381	4498	0
382	1572	1
382	1709	1
382	4311	1
382	2387	0
382	857	0
382	859	0
382	853	0
382	858	0
383	4501	1
383	4503	1
383	2776	0
383	1937	0
383	1874	0
383	4509	0
383	1886	0
384	605	1
384	1467	0
384	1899	0
384	1869	0
384	1220	0
384	779	0
385	1512	1
385	4311	1
385	4328	1
385	4498	0
385	4057	0
385	1320	0
385	4487	0
386	1664	1
386	4311	1
386	3463	0
386	3465	0
386	3467	0
386	3436	0
386	3462	0
387	4311	1
387	4482	0
387	1754	0
387	1574	0
387	1475	0
387	4509	0
388	1711	1
388	1757	1
388	4311	1
388	4307	0
388	4306	0
388	4371	0
388	2581	0
389	4311	1
389	1629	0
389	1653	0
389	1678	0
389	4487	0
389	1666	0
390	4311	1
390	1775	0
390	1343	0
390	1236	0
390	2123	0
391	4311	1
391	1653	0
391	4428	0
391	4353	0
391	4501	0
392	4311	1
392	4428	0
392	4497	0
392	4480	0
392	4487	0
392	4501	0
393	1653	1
393	1678	1
393	4311	1
393	1677	0
393	4656	0
393	4710	0
393	1641	0
394	3401	1
394	4321	1
394	4487	1
394	4497	1
394	4503	1
394	3450	0
394	4306	0
394	4311	0
395	1271	1
395	4311	1
395	1026	0
395	1024	0
395	1025	0
395	752	0
395	881	0
396	3444	1
396	3450	1
396	4321	1
396	4482	1
396	4497	0
396	1840	0
396	4480	0
396	3456	0
396	1631	0
397	4311	1
397	1507	0
397	4483	0
397	1472	0
397	1718	0
397	4339	0
398	1294	1
398	4311	1
398	4494	0
398	4273	0
398	1343	0
398	426	0
398	1327	0
399	1307	1
399	1343	0
399	1300	0
399	426	0
399	1253	0
399	4494	0
400	2277	1
400	2278	1
400	2279	1
400	4311	1
400	4424	0
400	2479	0
400	2219	0
400	2394	0
400	2390	0
401	1603	1
401	1653	1
401	1786	1
401	4669	0
401	1775	0
401	4671	0
401	4716	0
402	1833	1
402	1843	1
402	4311	1
402	4353	0
402	4497	0
402	4509	0
402	4328	0
403	1330	1
403	665	0
403	4718	0
403	1817	0
403	4677	0
403	543	0
404	1204	1
404	1228	1
404	3450	1
404	1220	0
404	1216	0
404	751	0
404	1208	0
405	1631	1
405	4311	1
405	4525	0
405	777	0
405	4480	0
405	4418	0
405	1894	0
406	1299	1
406	1605	1
406	3736	0
406	1639	0
406	1678	0
406	4390	0
406	1604	0
407	4311	1
407	1343	0
407	1327	0
407	1665	0
407	1308	0
407	1381	0
408	218	1
408	1326	1
408	1870	0
408	269	0
408	270	0
408	275	0
408	1886	0
409	4312	1
409	4336	1
409	4337	1
409	4501	1
409	4497	0
409	4480	0
409	1343	0
409	4487	0
409	4482	0
410	4328	1
410	1856	0
410	1246	0
410	780	0
410	4497	0
410	4525	0
411	1294	1
411	1760	1
411	4328	1
411	1016	0
411	819	0
411	2053	0
411	2058	0
411	4428	0
412	1294	1
412	4328	1
412	1327	0
412	1464	0
412	4472	0
412	1320	0
412	4428	0
413	4447	1
413	1319	0
413	1663	0
413	1291	0
413	1575	0
413	4405	0
414	772	1
414	4487	1
414	4501	1
414	4517	1
414	3425	0
414	4333	0
414	4509	0
414	1856	0
414	1472	0
415	4515	1
415	4436	0
415	3748	0
415	1950	0
415	2899	0
415	1919	0
416	292	1
416	4438	0
416	4419	0
416	277	0
416	290	0
416	4428	0
417	1600	1
417	4313	1
417	4428	0
417	4497	0
417	2617	0
417	426	0
417	1280	0
418	1256	1
418	1653	1
418	4325	1
418	1327	0
418	1343	0
418	1320	0
418	4428	0
418	4472	0
419	277	1
419	279	1
419	283	1
419	288	1
419	865	1
419	1326	1
419	1714	1
419	205	0
419	4428	0
419	4313	0
419	204	0
420	2285	1
420	2286	1
420	4436	1
420	2221	0
420	2218	0
420	2219	0
420	4384	0
420	2633	0
421	1324	1
421	1335	1
421	4418	1
421	1004	0
421	1006	0
421	4419	0
421	1008	0
422	1584	1
422	1595	1
422	1666	1
422	1708	1
422	4313	1
422	4316	1
422	4487	1
422	4497	1
422	4501	1
422	4510	1
422	4390	0
422	1711	0
422	3738	0
422	1294	0
423	1294	1
423	4311	1
423	4328	1
423	441	0
423	434	0
423	4458	0
423	4459	0
423	1752	0
424	1236	1
424	1324	1
424	4132	1
424	4311	1
424	4501	1
424	1856	0
424	782	0
424	1320	0
424	162	0
425	1609	1
425	1631	1
425	1659	0
425	1682	0
425	1342	0
425	1272	0
426	1622	1
426	1666	1
426	1672	1
426	1678	1
426	4311	1
426	4497	0
426	4487	0
426	1314	0
426	4498	0
426	1785	0
427	1326	1
427	2283	1
427	4311	1
427	1668	0
427	1294	0
427	1253	0
427	4497	0
428	1678	1
428	3738	0
428	2490	0
428	2952	0
428	2481	0
428	2484	0
429	143	1
429	1326	1
429	1343	0
429	1327	0
429	4428	0
429	1320	0
429	1464	0
430	598	1
430	1228	0
430	4480	0
430	4428	0
430	1711	0
430	4493	0
431	1660	1
431	1685	1
431	2874	0
431	4215	0
431	3519	0
431	3820	0
431	4273	0
432	1314	1
432	3563	0
432	3565	0
432	3569	0
432	3573	0
432	1472	0
433	214	1
433	218	1
433	224	1
433	267	1
433	275	1
433	2544	0
433	3684	0
433	3686	0
433	2330	0
433	2494	0
434	214	1
434	219	1
434	224	1
434	267	1
434	273	1
434	363	1
434	2087	0
434	272	0
434	268	0
435	4312	1
435	4409	1
435	4510	1
435	1856	0
435	1943	0
435	1874	0
435	4465	0
435	2632	0
436	1510	1
436	1511	1
436	1590	1
436	1591	1
436	1593	1
436	1594	1
436	1595	1
436	1596	1
436	1600	1
436	1601	1
436	1605	1
436	1608	1
436	1609	1
436	1611	1
436	1613	1
436	1614	1
436	1616	1
436	1617	1
436	1621	1
436	1622	1
436	1626	1
436	1631	1
436	1637	1
436	1638	1
436	1640	1
436	1641	1
436	1642	1
436	1644	1
436	1646	1
436	1647	1
436	1649	1
436	1654	1
436	1655	1
436	1656	1
436	1657	1
436	1658	1
436	1661	1
436	1664	1
436	1666	1
436	1668	1
436	1669	1
436	1670	1
436	1672	1
436	1673	1
436	1677	1
436	1678	1
436	1679	1
436	1680	1
436	1681	1
436	1682	1
436	1710	1
436	1755	1
436	1758	1
436	1766	1
436	1770	1
436	1772	1
436	1774	1
436	1780	1
436	1784	1
436	1785	1
436	1787	1
436	4332	1
436	4490	1
436	4493	1
436	4494	1
436	4510	1
436	4621	1
436	4622	1
436	3497	0
436	3498	0
436	3496	0
436	3495	0
436	1304	0
437	1596	1
437	1621	1
437	1622	1
437	1626	1
437	1672	1
437	1678	1
437	1682	1
437	3385	1
437	4314	1
437	4315	1
437	4333	0
437	4501	0
437	4525	0
437	4348	0
438	772	1
438	1509	1
438	1713	1
438	4498	1
438	4503	1
438	4428	0
438	1324	0
438	4501	0
438	4525	0
439	4428	0
439	290	0
439	4313	0
439	277	0
439	204	0
440	1291	1
440	4311	1
440	4501	0
440	4487	0
440	1324	0
440	1629	0
441	4546	1
441	4428	0
441	1324	0
441	1320	0
441	1204	0
441	1319	0
442	48	1
442	150	0
442	283	0
442	414	0
442	1664	0
442	1659	0
443	1511	1
443	4490	1
443	4493	1
443	4494	1
443	4509	1
443	4510	1
443	1758	0
443	1755	0
443	1320	0
444	4498	0
444	1689	0
444	4497	0
444	4517	0
444	1344	0
445	4309	1
445	4497	1
445	1455	0
445	4457	0
445	2872	0
445	4637	0
445	4635	0
446	1314	1
446	4309	1
446	1268	0
446	1300	0
446	3019	0
446	1279	0
446	667	0
447	1236	1
447	1245	1
447	1319	1
447	1320	1
447	1322	1
447	1327	1
447	1449	1
447	1465	1
447	1479	1
447	1874	0
447	1856	0
447	1869	0
447	4428	0
447	1853	0
448	136	1
448	1821	1
448	1830	1
448	4497	0
448	4428	0
448	4353	0
449	1314	1
449	4309	1
449	4497	0
449	4057	0
449	1297	0
449	1617	0
450	1236	1
450	1467	0
450	1856	0
450	1320	0
450	1462	0
451	144	1
451	1235	1
451	1236	1
451	1238	1
451	1239	1
451	1244	1
451	1245	1
451	1247	1
451	1249	1
451	1250	1
451	1251	1
451	1252	1
451	1253	1
451	1254	1
451	1257	1
451	1258	1
451	1260	1
451	1261	1
451	1262	1
451	1263	1
451	1264	1
451	1265	1
451	1266	1
451	1268	1
451	1269	1
451	1270	1
451	1271	1
451	1272	1
451	1273	1
451	1274	1
451	1275	1
451	1276	1
451	1277	1
451	1278	1
451	1279	1
451	1281	1
451	1286	1
451	1287	1
451	1291	1
451	1292	1
451	1294	1
451	1296	1
451	1297	1
451	1298	1
451	1299	1
451	1300	1
451	1301	1
451	1302	1
451	1303	1
451	1304	1
451	1306	1
451	1307	1
451	1308	1
451	1309	1
451	1310	1
451	1312	1
451	1313	1
451	1314	1
451	1315	1
451	1316	1
451	1318	1
451	1320	1
451	1321	1
451	1322	1
451	1323	1
451	1324	1
451	1325	1
451	1326	1
451	1327	1
451	1330	1
451	1331	1
451	1332	1
451	1336	1
451	1461	1
451	1462	1
451	1483	1
451	1486	1
451	4497	0
451	4428	0
451	4487	0
452	1236	1
452	1319	1
452	1320	1
452	1462	1
452	2123	0
452	1343	0
452	1856	0
452	4428	0
452	4336	0
453	4309	1
453	4497	1
453	2178	0
453	4617	0
453	2177	0
453	4621	0
454	4497	1
454	575	0
454	303	0
454	736	0
454	700	0
454	316	0
455	1833	1
455	1834	1
455	1836	1
455	1837	1
455	1838	1
455	1839	1
455	1843	1
455	1844	1
455	1845	1
455	1846	1
455	1849	1
455	1850	1
455	1709	0
455	4497	0
455	1803	0
455	4487	0
455	4498	0
456	1272	1
456	1314	1
456	4309	1
456	2872	0
456	4628	0
456	2873	0
457	2161	1
457	4309	1
457	4251	0
457	3184	0
457	3216	0
457	3236	0
457	3264	0
458	1678	1
458	1785	1
458	2177	1
458	2178	1
458	4309	1
458	3158	0
458	43	0
458	4441	0
458	4134	0
458	168	0
459	1235	1
459	1236	1
459	1320	1
459	1393	1
459	1440	1
459	1465	1
459	1471	1
459	1552	1
459	1760	1
459	4632	1
459	4638	1
459	4428	0
459	4501	0
459	1856	0
460	216	1
460	267	1
460	344	1
460	266	0
460	264	0
460	1856	0
461	1443	1
461	1444	1
461	1445	1
461	1465	1
461	1477	1
461	1757	1
461	4498	1
461	4428	0
461	1988	0
461	1472	0
461	1856	0
461	1874	0
462	2176	1
462	4309	1
462	2788	0
462	2789	0
462	2598	0
462	4498	0
463	1465	1
463	1475	1
463	136	0
463	4017	0
463	4428	0
463	4501	0
464	4309	1
464	4497	1
464	4509	0
464	4367	0
464	4590	0
464	2883	0
465	121	1
465	144	1
465	1326	1
465	1343	0
465	74	0
465	1308	0
465	766	0
465	60	0
466	4309	1
466	4311	0
466	4353	0
466	1314	0
466	4428	0
466	4328	0
467	283	1
467	4428	0
467	802	0
467	4440	0
467	4427	0
467	200	0
468	4482	1
468	4484	1
468	4486	1
468	4487	1
468	4490	1
468	4491	1
468	4493	1
468	4494	1
468	4496	1
468	4497	1
468	4498	1
468	4499	1
468	4501	1
468	4503	1
468	4505	1
468	4509	1
468	4510	1
468	4511	1
468	4512	1
468	4515	1
468	4517	1
468	4606	1
468	4619	1
468	4627	1
468	721	0
468	1320	0
468	474	0
468	475	0
469	4309	1
469	4498	0
469	1253	0
469	1266	0
469	4497	0
469	1512	0
470	1653	1
470	4309	1
470	3158	0
470	43	0
470	4498	0
470	168	0
470	4497	0
471	1266	1
471	4309	1
471	3963	0
471	4590	0
471	1803	0
471	1563	0
471	1512	0
472	1601	1
472	1623	1
472	1669	1
472	4309	1
472	4482	1
472	2617	0
472	3726	0
472	3727	0
472	3728	0
472	2891	0
473	1274	1
473	4309	1
473	1249	0
473	4497	0
473	3042	0
473	4306	0
473	2823	0
474	1757	1
474	2172	1
474	2173	1
474	4309	1
474	4509	1
474	4630	0
474	4624	0
474	4629	0
474	4631	0
474	4500	0
475	1840	1
475	1848	1
475	4497	0
475	2367	0
475	2587	0
475	2533	0
475	1803	0
476	1253	1
476	4309	1
476	4509	1
476	2587	0
476	2537	0
476	2715	0
476	2405	0
476	2408	0
477	1253	1
477	1299	1
477	1614	1
477	1617	1
477	4482	1
477	4497	1
477	1324	0
477	4428	0
477	1856	0
477	1892	0
478	1236	1
478	1462	1
478	146	0
478	26	0
478	1320	0
479	1637	1
479	4311	0
479	4428	0
479	4487	0
479	4497	0
479	4501	0
480	143	1
480	1320	1
480	1467	1
480	4501	1
480	801	0
480	4472	0
480	1327	0
480	1462	0
481	4497	1
481	1562	0
481	1679	0
481	1600	0
481	1680	0
481	1327	0
482	1291	1
482	1856	0
482	4428	0
482	1320	0
482	163	0
482	17	0
483	1509	1
483	1574	1
483	1583	1
483	1601	1
483	1609	1
483	1614	1
483	1616	1
483	1617	1
483	1631	1
483	1656	1
483	1664	1
483	1669	1
483	1672	1
483	1678	1
483	1713	1
483	1757	1
483	1758	1
483	1760	1
483	4487	1
483	4501	1
483	4504	1
483	4509	1
483	4510	1
483	4632	1
483	4679	1
483	2093	0
483	2042	0
483	4428	0
483	486	0
483	4311	0
484	1653	1
484	1034	0
484	4428	0
484	4497	0
484	4424	0
484	3581	0
485	1261	1
485	1631	1
485	1661	1
485	1682	0
485	1787	0
485	1766	0
485	4671	0
485	1642	0
486	1316	1
486	2114	1
486	2115	1
486	4025	0
486	1665	0
486	3748	0
486	1204	0
486	1331	0
487	1235	1
487	1236	1
487	1393	1
487	1500	1
487	1892	0
487	1932	0
487	1988	0
487	2164	0
487	1483	0
488	2159	1
488	2160	1
488	2105	0
488	4498	0
488	4289	0
488	2732	0
488	372	0
489	1678	1
489	4307	0
489	4341	0
489	4311	0
489	4306	0
489	4442	0
490	1760	1
490	2124	1
490	4247	0
490	3023	0
490	1757	0
490	4307	0
491	214	1
491	267	1
491	276	1
491	1870	0
491	395	0
491	262	0
491	270	0
492	218	1
492	226	1
492	267	1
492	264	0
492	268	0
492	3175	0
492	270	0
493	216	1
493	217	1
493	218	1
493	267	1
493	344	1
493	328	0
493	264	0
493	266	0
493	268	0
493	1323	0
494	779	1
494	264	0
494	1886	0
494	216	0
494	1856	0
495	1467	1
495	4546	1
495	1856	0
495	767	0
495	1915	0
495	1207	0
496	1893	1
496	4381	0
496	1885	0
496	4428	0
496	4418	0
496	1962	0
497	1825	1
497	1826	1
497	1827	1
497	1828	1
497	1829	1
497	1830	1
497	1915	0
498	198	0
498	164	0
498	1321	0
498	161	0
498	62	0
499	1330	1
499	4472	0
499	1327	0
499	1464	0
499	1320	0
499	801	0
500	1253	1
500	4419	0
500	4428	0
500	1472	0
500	4332	0
500	331	0
501	1245	1
501	1282	0
501	767	0
501	366	0
501	750	0
501	1393	0
502	1304	1
502	1467	1
502	2188	1
502	4434	0
502	4424	0
502	3046	0
502	4311	0
502	1206	0
503	1451	1
503	1452	1
503	1467	1
503	1729	1
503	1746	1
503	4460	1
503	4546	1
503	4632	1
503	1220	0
503	1219	0
503	1203	0
503	1211	0
503	1200	0
504	1616	1
504	3806	0
504	3807	0
504	2835	0
504	4037	0
504	2640	0
505	4498	0
505	1299	0
505	1300	0
505	1291	0
505	1253	0
506	3196	1
506	4515	1
506	1324	0
506	1320	0
506	1246	0
506	4501	0
506	1245	0
507	143	1
507	169	1
507	170	1
507	171	1
507	172	1
507	763	1
507	1245	1
507	1315	1
507	1320	1
507	1321	0
507	198	0
507	161	0
507	164	0
507	62	0
508	143	1
508	183	1
508	1320	1
508	4501	1
508	201	0
508	208	0
508	202	0
508	200	0
509	1324	1
509	202	0
509	200	0
509	207	0
509	201	0
509	1487	0
510	1324	1
510	4497	0
510	4501	0
510	1320	0
510	4428	0
511	1268	1
511	2899	0
511	3022	0
511	4008	0
511	3749	0
511	3751	0
512	1616	1
512	1713	1
512	3023	0
512	4339	0
512	4311	0
512	4442	0
512	4309	0
513	1304	1
513	4498	0
513	4497	0
513	4442	0
513	1253	0
513	4487	0
514	1252	1
514	4487	1
514	472	0
514	3808	0
514	1263	0
514	473	0
514	470	0
515	1601	1
515	1609	1
515	1631	1
515	1669	1
515	1327	0
515	4472	0
515	1464	0
515	1320	0
515	1322	0
516	143	1
516	186	1
516	187	1
516	1236	1
516	1319	1
516	1320	1
516	1509	1
516	1549	1
516	1550	1
516	1609	1
516	1713	1
516	1758	1
516	1856	1
516	1892	1
516	4486	1
516	4487	1
516	4494	1
516	4501	1
516	4509	1
516	1322	0
516	2324	0
516	2323	0
516	1988	0
517	1247	1
517	1294	1
517	1302	1
517	2181	1
517	4306	0
517	4311	0
517	4497	0
517	4428	0
517	4307	0
518	143	1
518	291	1
518	217	0
518	206	0
518	39	0
518	283	0
518	4525	0
519	1576	1
519	1708	1
519	4497	1
519	3418	0
519	4482	0
519	4509	0
519	4367	0
520	1236	1
520	1319	1
520	1320	1
520	1465	1
520	1469	1
520	1478	1
520	1574	1
520	1760	1
520	1837	1
520	4482	1
520	4497	1
520	1803	0
520	858	0
520	857	0
520	2587	0
520	849	0
521	1320	1
521	1542	1
521	1557	1
521	1713	1
521	1760	1
521	4503	1
521	277	0
521	4428	0
521	4525	0
521	4438	0
521	289	0
522	782	1
522	200	0
522	202	0
522	1320	0
522	1467	0
523	2125	1
523	2221	0
523	4436	0
523	4434	0
523	4056	0
523	2218	0
524	1393	1
524	1472	0
524	1856	0
524	1492	0
524	1892	0
524	4428	0
525	1818	1
525	1947	0
525	1856	0
525	4510	0
525	4487	0
525	4428	0
526	1314	1
526	1888	0
526	3684	0
526	3686	0
526	1472	0
526	2722	0
527	1252	1
527	1253	1
527	1512	1
527	1582	1
527	1804	1
527	4487	1
527	1921	0
527	1389	0
527	1659	0
527	767	0
527	1919	0
528	4306	0
528	3399	0
528	4100	0
528	3408	0
528	1495	0
529	4328	0
529	4497	0
529	4342	0
529	4487	0
529	4428	0
530	1462	1
530	26	0
530	163	0
530	1236	0
530	1482	0
531	1856	0
531	724	0
531	1869	0
531	3396	0
531	417	0
532	759	1
532	765	1
532	767	1
532	770	1
532	1393	1
532	1542	1
532	1574	1
532	1591	1
532	1622	1
532	1637	1
532	1642	1
532	1647	1
532	1661	1
532	1664	1
532	1666	1
532	1950	1
532	4447	0
532	4338	0
532	4435	0
532	1757	0
532	4671	0
533	1268	1
533	1200	0
533	614	0
533	1220	0
533	3584	0
533	657	0
534	1818	1
534	4497	0
534	1947	0
534	4428	0
534	1489	0
534	4510	0
535	1253	1
535	1291	1
535	2817	0
535	3448	0
535	1663	0
535	1736	0
535	1740	0
536	292	1
536	1574	0
536	1325	0
536	1624	0
536	766	0
536	291	0
537	4428	0
537	4350	0
537	1464	0
537	203	0
537	1856	0
538	1327	0
538	4472	0
538	1562	0
538	1320	0
538	4631	0
539	288	1
539	4428	0
539	368	0
539	162	0
539	1472	0
539	60	0
540	1664	1
540	2385	0
540	4307	0
540	393	0
540	2900	0
540	3021	0
541	1664	1
541	779	0
541	1467	0
541	1220	0
541	4428	0
541	1492	0
542	1291	1
542	1550	1
542	1492	0
542	1467	0
542	779	0
542	1220	0
542	4428	0
543	1253	1
543	1272	1
543	1291	1
543	1710	1
543	2128	1
543	4472	0
543	1327	0
543	1680	0
543	1679	0
543	1595	0
544	1670	1
544	2190	1
544	1856	0
544	4497	0
544	1874	0
544	1204	0
544	4428	0
545	1253	1
545	4414	0
545	4501	0
545	201	0
545	210	0
545	1654	0
546	4338	0
546	1738	0
546	4347	0
546	4442	0
546	4526	0
547	4510	1
547	1869	0
547	401	0
547	801	0
547	1856	0
548	0	1
548	26	1
548	31	1
548	33	1
548	34	1
548	38	1
548	39	1
548	48	1
548	49	1
548	50	1
548	51	1
548	52	1
548	56	1
548	57	1
548	58	1
548	60	1
548	61	1
548	70	1
548	71	1
548	73	1
548	74	1
548	76	1
548	77	1
548	78	1
548	79	1
548	143	1
548	150	1
548	151	1
548	173	1
548	278	1
548	288	1
548	289	1
548	291	1
548	292	1
548	1294	1
548	1320	1
548	1326	1
548	1333	1
548	1486	1
548	1888	1
548	4477	0
548	297	0
548	864	0
548	205	0
549	1291	1
549	2165	1
549	4498	1
549	4510	1
549	4440	0
549	3683	0
549	3759	0
549	159	0
549	4421	0
550	759	1
550	765	1
550	1542	1
550	1950	1
550	4428	0
550	4509	0
550	1856	0
550	4497	0
550	4487	0
551	63	1
551	1437	1
551	1438	1
551	1439	1
551	1460	1
551	1462	1
551	146	0
551	24	0
551	26	0
551	25	0
551	277	0
552	2166	1
552	2167	1
552	1869	0
552	1481	0
552	1856	0
552	1462	0
552	1319	0
553	1235	1
553	1236	1
553	145	0
553	146	0
553	4420	0
553	209	0
553	1869	0
554	799	0
554	1327	0
554	1464	0
554	1320	0
554	1343	0
555	1484	1
555	1486	1
555	1327	0
555	1343	0
555	1320	0
555	799	0
555	4428	0
556	2123	1
556	4428	0
556	1855	0
556	1856	0
556	4501	0
556	4335	0
557	4498	0
557	1279	0
557	4525	0
557	1206	0
557	4503	0
558	1856	1
558	1859	1
558	1869	1
558	723	0
558	4497	0
558	4480	0
558	1291	0
559	0	1
559	17	1
559	50	1
559	58	1
559	60	1
559	61	1
559	70	1
559	74	1
559	747	0
559	11	0
559	79	0
559	66	0
560	1235	1
560	1236	1
560	4428	0
560	1856	0
560	4421	0
560	779	0
560	801	0
561	1262	1
561	1263	1
561	1265	1
561	4498	1
561	2562	0
561	2881	0
561	3778	0
561	2561	0
561	3508	0
562	1247	1
562	1249	1
562	1310	1
562	2900	0
562	3021	0
562	4388	0
562	4442	0
562	4307	0
563	1320	1
563	1456	1
563	1466	1
563	2164	0
563	1915	0
563	1891	0
563	1892	0
563	1932	0
564	4497	1
564	1856	0
564	4311	0
564	1204	0
564	4437	0
565	3217	1
565	3265	1
565	4006	1
565	4418	0
565	1462	0
565	1856	0
565	4428	0
565	1320	0
566	1672	1
566	1678	1
566	4487	1
566	4501	0
566	4480	0
566	1273	0
566	4307	0
566	4428	0
567	2158	1
567	2392	0
567	4373	0
567	4428	0
567	4424	0
568	1320	1
568	1466	1
568	1481	0
568	1467	0
568	265	0
568	1869	0
568	793	0
569	1637	1
569	1661	1
569	1681	1
569	1682	1
569	1562	0
569	1680	0
569	1679	0
569	1595	0
569	1856	0
570	2164	1
570	4497	1
570	4510	1
570	1983	0
570	734	0
570	4428	0
570	2030	0
571	1279	1
571	2191	1
571	1343	0
571	4428	0
571	1327	0
571	1320	0
571	4350	0
572	2153	1
572	2154	1
572	2155	1
572	2156	1
572	2983	0
572	1472	0
572	4428	0
573	4487	1
573	4509	1
573	4510	1
573	1472	0
573	1888	0
573	4497	0
573	4421	0
574	82	1
574	142	1
574	143	1
574	174	1
574	4199	0
574	4113	0
574	4114	0
574	2335	0
574	3591	0
575	1297	1
575	1314	1
575	2900	0
575	3021	0
575	4307	0
575	783	0
575	197	0
576	1609	1
576	2900	0
576	3021	0
576	4307	0
576	1246	0
576	4629	0
577	1294	1
577	4353	0
577	4332	0
577	4311	0
577	4348	0
577	1487	0
578	4497	1
578	4309	0
578	4306	0
578	4328	0
578	4353	0
578	1470	0
579	4496	1
579	4517	1
579	4497	0
579	4606	0
579	741	0
579	4493	0
580	1296	1
580	3736	0
580	1888	0
580	1321	0
580	4421	0
580	159	0
581	4307	0
581	4497	0
581	4498	0
581	1314	0
581	1583	0
582	1582	1
582	1682	1
582	4678	1
582	4311	0
582	4627	0
582	4501	0
582	4306	0
582	4428	0
583	1631	1
583	2719	0
583	1659	0
583	3463	0
583	4353	0
583	1600	0
584	4497	0
584	1924	0
584	327	0
584	1326	0
584	767	0
585	1637	1
585	1666	1
585	4353	0
585	4311	0
585	2580	0
585	4377	0
585	2331	0
586	1279	1
586	704	0
586	761	0
586	4638	0
586	721	0
586	1627	0
587	1264	1
587	1278	1
587	1306	1
587	3595	0
587	2788	0
587	3593	0
587	2353	0
587	4144	0
588	143	1
588	151	1
588	1236	1
588	1319	1
588	1462	1
588	1322	0
588	1239	0
588	1327	0
588	1892	0
589	4497	0
589	1249	0
589	327	0
589	4498	0
589	4311	0
590	1574	1
590	1713	1
590	4501	1
590	3555	0
590	419	0
590	422	0
590	4480	0
590	2025	0
591	4510	1
591	4497	0
591	4509	0
591	1327	0
591	1320	0
591	4472	0
592	1512	1
592	4669	0
592	4424	0
592	2772	0
592	4353	0
592	2774	0
