0	285	1
0	305	1
0	251	0
0	311	0
0	142	0
0	196	0
0	1549	0
1	301	1
1	1712	1
1	282	0
1	259	0
1	244	0
1	284	0
1	1819	0
2	638	1
2	1312	0
2	727	0
2	1090	0
2	1861	0
3	1033	1
3	1022	0
3	1040	0
3	1902	0
3	1027	0
3	1029	0
4	256	1
4	1702	1
4	260	0
4	254	0
4	1585	0
4	1541	0
4	1573	0
5	1177	1
5	1785	0
5	375	0
5	417	0
5	1795	0
5	399	0
6	281	1
6	1802	0
6	1830	0
6	2019	0
6	727	0
6	1719	0
7	703	1
7	707	1
7	562	0
7	1402	0
7	1837	0
8	370	1
8	371	1
8	372	1
8	380	1
8	382	1
8	408	1
8	1731	1
8	1610	0
8	1811	0
8	405	0
8	417	0
8	43	0
9	367	1
9	1785	0
9	74	0
9	35	0
9	1892	0
9	1789	0
10	1094	1
10	2029	0
10	315	0
10	1106	0
10	747	0
11	638	1
11	963	0
11	1807	0
11	737	0
11	1312	0
11	1830	0
12	1818	1
12	1858	1
12	1817	0
12	1814	0
12	1114	0
12	1813	0
13	589	1
13	658	1
13	697	1
13	737	1
13	754	1
13	791	1
13	877	1
13	948	1
13	1839	1
13	1867	1
13	1003	0
13	757	0
14	877	1
14	1867	1
14	594	0
14	435	0
14	185	0
14	88	0
14	737	0
15	345	1
15	1175	0
15	1610	0
15	1811	0
15	358	0
15	389	0
16	339	1
16	252	0
16	1524	0
16	1090	0
16	314	0
17	289	1
17	280	0
17	1540	0
17	316	0
17	1561	0
17	250	0
18	420	1
18	715	1
18	278	0
18	271	0
18	1722	0
19	344	1
19	747	1
19	1116	1
19	1923	0
19	1106	0
19	1916	0
20	1019	1
20	1666	0
20	1021	0
20	1046	0
20	989	0
21	628	1
21	638	0
21	624	0
21	25	0
21	1893	0
22	547	1
22	1146	1
22	543	0
22	358	0
22	387	0
22	1811	0
22	902	0
23	888	1
23	891	1
23	898	1
23	1880	1
23	1790	0
23	1802	0
23	1830	0
23	1846	0
23	1854	0
24	549	1
24	136	0
24	618	0
24	906	0
24	617	0
24	1818	0
25	451	1
25	673	0
25	435	0
25	1889	0
25	737	0
25	67	0
26	906	1
26	590	0
26	1889	0
26	216	0
26	727	0
27	888	1
27	903	0
27	252	0
27	747	0
27	692	0
27	737	0
28	387	1
28	405	1
28	410	1
28	417	1
28	548	1
28	1729	1
28	42	0
28	1628	0
28	697	0
29	628	1
29	1170	0
29	624	0
29	1710	0
29	1729	0
30	1160	1
30	748	0
30	727	0
30	86	0
30	553	0
30	669	0
31	256	1
31	285	1
31	1711	1
31	1717	1
31	313	0
31	294	0
31	1673	0
31	293	0
32	1020	1
32	1021	1
32	1025	1
32	1030	1
32	1031	1
32	1034	1
32	1037	0
32	1060	0
32	1670	0
32	1666	0
33	314	1
33	232	0
33	282	0
33	340	0
33	288	0
33	318	0
34	638	1
34	1151	0
34	1820	0
34	589	0
34	511	0
35	1484	1
35	1495	1
35	2007	1
35	1384	0
35	282	0
35	741	0
35	331	0
35	436	0
36	1010	1
36	1017	1
36	1039	0
36	1048	0
36	1041	0
37	1017	1
37	1896	1
37	1907	1
37	1663	0
37	1664	0
37	1030	0
37	1661	0
37	1662	0
38	748	1
38	1157	0
38	738	0
38	434	0
38	1823	0
38	782	0
39	902	1
39	1889	1
39	567	0
39	1642	0
39	972	0
40	252	1
40	727	0
40	1923	0
40	339	0
40	1524	0
41	319	1
41	1716	1
41	311	0
41	307	0
41	285	0
41	282	0
42	897	1
42	638	0
42	880	0
42	1403	0
42	740	0
43	689	1
43	1297	0
43	1296	0
43	478	0
43	690	0
43	487	0
44	638	1
44	958	1
44	1821	1
44	1822	1
44	1826	1
44	1827	0
44	752	0
45	852	1
45	1194	1
45	697	0
45	1225	0
45	549	0
45	1916	0
45	584	0
46	324	1
46	294	0
46	314	0
46	1550	0
46	1562	0
47	628	1
47	624	0
47	906	0
47	638	0
47	747	0
48	902	1
48	1537	0
48	1535	0
48	1597	0
48	1531	0
48	1529	0
49	706	1
49	1856	0
49	1847	0
49	7	0
49	1634	0
50	286	1
50	1104	0
50	331	0
50	1487	0
50	2028	0
50	1474	0
51	130	1
51	131	1
51	135	1
51	136	1
51	137	1
51	138	1
51	153	1
51	173	1
51	390	0
51	1179	0
51	363	0
51	474	0
51	473	0
52	617	1
52	803	1
52	712	0
52	1597	0
52	816	0
52	1595	0
52	709	0
53	1170	1
53	720	0
53	1141	0
53	669	0
53	405	0
54	130	1
54	135	1
54	136	1
54	137	1
54	138	1
54	153	1
54	131	0
54	989	0
54	469	0
55	135	1
55	136	0
55	989	0
55	153	0
55	474	0
56	399	1
56	401	1
56	403	1
56	405	1
56	553	0
56	1733	0
56	402	0
56	404	0
57	906	1
57	990	0
57	136	0
57	989	0
57	1856	0
58	405	1
58	1733	1
58	1734	0
58	402	0
58	406	0
59	727	1
59	1846	1
59	747	0
59	1889	0
59	737	0
59	1888	0
60	697	1
60	1856	0
60	686	0
60	306	0
60	1720	0
60	1274	0
61	1193	1
61	1949	1
61	1208	0
61	282	0
61	246	0
61	296	0
61	1729	0
62	1356	1
62	1979	1
62	1988	0
62	1976	0
62	1984	0
62	1977	0
63	395	1
63	549	1
63	556	1
63	1811	1
63	1731	0
63	1510	0
63	990	0
63	1002	0
64	1032	1
64	1903	1
64	1030	0
64	999	0
64	1031	0
64	13	0
65	906	1
65	909	0
65	916	0
65	549	0
65	590	0
66	610	1
66	614	1
66	1517	0
66	246	0
66	1392	0
66	803	0
66	1208	0
67	1030	1
67	1853	0
67	1111	0
67	1056	0
67	1053	0
68	747	1
68	911	0
68	906	0
68	584	0
68	791	0
69	1397	1
69	1404	0
69	1840	0
69	387	0
69	1795	0
69	748	0
70	584	1
70	727	0
70	747	0
70	86	0
70	594	0
70	673	0
71	917	1
71	909	0
71	915	0
71	911	0
71	136	0
72	1010	1
72	1895	0
72	1899	0
72	1030	0
72	1031	0
72	1913	0
73	1312	1
73	1310	0
73	747	0
73	1854	0
73	1798	0
74	311	1
74	306	0
74	1720	0
74	241	0
74	243	0
74	249	0
75	747	1
75	750	1
75	1860	1
75	1312	0
75	638	0
75	339	0
76	370	1
76	385	1
76	399	1
76	1176	1
76	723	0
76	131	0
76	135	0
76	1154	0
76	1895	0
77	1030	1
77	1035	0
77	1020	0
77	1031	0
77	1034	0
77	1028	0
78	1132	1
78	1709	1
78	1727	1
78	1922	1
78	293	0
78	1106	0
78	284	0
78	747	0
79	293	1
79	1917	0
79	1106	0
79	284	0
79	285	0
80	1725	1
80	1710	0
80	118	0
80	1917	0
80	1805	0
80	1708	0
81	252	1
81	339	0
81	281	0
81	1726	0
81	1706	0
81	1090	0
82	344	1
82	1124	1
82	916	0
82	625	0
82	859	0
82	327	0
82	334	0
83	374	1
83	375	1
83	381	1
83	382	1
83	1176	1
83	1046	0
83	1654	0
83	402	0
83	1040	0
83	388	0
84	1020	1
84	1031	0
84	1902	0
84	1895	0
84	1900	0
85	387	1
85	1189	0
85	28	0
85	707	0
85	51	0
85	75	0
86	288	1
86	285	0
86	318	0
86	284	0
86	297	0
87	293	1
87	747	0
87	341	0
87	1802	0
87	344	0
88	584	1
88	1071	1
88	1106	1
88	1918	1
88	2029	1
88	288	0
88	916	0
88	626	0
88	548	0
89	1093	1
89	1095	1
89	1914	1
89	285	0
89	625	0
89	344	0
89	1814	0
89	1071	0
90	735	1
90	1096	0
90	1095	0
90	1106	0
90	1914	0
90	341	0
91	747	1
91	1598	0
91	727	0
91	1594	0
91	15	0
91	903	0
92	1014	1
92	1895	0
92	1020	0
92	1030	0
92	1019	0
92	1900	0
93	395	1
93	1784	0
93	466	0
93	1527	0
93	420	0
93	549	0
94	1048	1
94	1044	0
94	1046	0
94	1040	0
94	1041	0
95	1013	1
95	1019	1
95	1913	1
95	1033	0
95	1057	0
95	1031	0
96	1030	1
96	32	0
96	1913	0
96	1024	0
96	30	0
96	1134	0
97	1036	1
97	1900	1
97	1059	0
97	1446	0
97	521	0
97	1449	0
98	387	1
98	388	0
98	1175	0
98	399	0
98	1176	0
98	1156	0
99	1057	1
99	1071	0
99	1569	0
99	994	0
99	1017	0
99	1895	0
100	715	1
100	1836	0
100	709	0
100	420	0
100	94	0
101	390	1
101	1895	0
101	1436	0
101	483	0
101	1175	0
101	1789	0
102	911	1
103	384	1
103	399	0
103	377	0
103	370	0
103	1175	0
103	1176	0
104	564	1
104	673	0
104	926	0
104	1042	0
104	639	0
104	1723	0
105	704	1
105	1799	0
105	1795	0
105	1051	0
105	905	0
106	945	1
106	481	0
106	981	0
106	1934	0
106	478	0
107	1907	1
107	1756	0
107	1662	0
107	1927	0
107	1895	0
108	345	1
108	703	1
108	151	0
108	845	0
108	530	0
108	157	0
108	322	0
109	592	1
109	748	1
109	1539	0
109	1893	0
109	989	0
109	478	0
109	1905	0
110	1010	1
110	1019	1
110	1020	1
110	1031	1
110	1053	1
110	1060	1
110	1907	1
110	1821	0
110	1089	0
110	1103	0
110	859	0
110	209	0
111	1048	1
111	737	0
111	1943	0
111	791	0
111	1217	0
111	543	0
112	627	1
112	1813	1
112	1817	1
112	1818	0
112	1712	0
112	1899	0
113	1312	1
113	1310	0
113	1726	0
113	747	0
113	339	0
114	584	1
114	1100	0
114	1890	0
114	916	0
114	1609	0
114	1919	0
115	285	1
115	1326	0
115	324	0
115	290	0
115	282	0
116	493	1
116	492	0
116	673	0
116	1182	0
116	901	0
117	905	1
117	1888	0
117	433	0
117	376	0
117	584	0
118	1817	1
118	1895	1
118	1818	0
118	1813	0
118	1814	0
118	1798	0
119	1403	1
119	1397	0
119	216	0
119	748	0
119	234	0
120	431	1
120	1738	1
120	1739	1
120	1740	1
120	1741	1
120	1745	1
120	1746	1
120	1920	0
120	1853	0
120	932	0
120	573	0
120	595	0
121	757	1
121	737	0
121	692	0
121	252	0
121	1889	0
121	727	0
122	626	1
122	625	0
122	1818	0
122	632	0
122	1784	0
123	1014	1
123	1178	0
123	67	0
123	1137	0
123	50	0
124	549	1
124	565	1
124	747	0
124	727	0
124	436	0
124	566	0
124	748	0
125	311	1
125	1720	0
125	306	0
125	241	0
125	243	0
126	1006	1
126	1001	0
126	409	0
126	411	0
126	1007	0
127	411	1
127	1002	0
127	1003	0
127	1001	0
127	100	0
128	384	1
128	1732	1
128	1856	1
128	405	0
128	84	0
128	400	0
128	1892	0
128	1734	0
129	1819	1
129	1829	0
129	1885	0
129	1728	0
129	908	0
130	389	1
130	296	0
130	285	0
130	1573	0
130	1702	0
130	282	0
131	549	1
131	1784	1
131	1225	0
131	1222	0
131	1602	0
132	1790	1
132	408	0
132	414	0
132	388	0
132	405	0
132	1167	0
133	644	1
133	340	0
133	643	0
133	289	0
133	1889	0
133	440	0
134	593	1
134	1801	1
134	1524	0
134	747	0
134	1106	0
134	339	0
134	344	0
135	587	1
135	593	1
135	1793	1
135	617	0
135	903	0
135	1519	0
136	1193	1
136	1949	1
136	604	0
136	1191	0
136	543	0
136	393	0
136	1208	0
137	638	1
137	604	0
137	1823	0
137	1826	0
137	639	0
138	1026	1
138	1033	0
138	1030	0
138	1019	0
138	1010	0
139	248	1
139	1698	1
139	306	0
139	1720	0
139	1718	0
139	1224	0
139	241	0
140	288	1
140	1704	1
140	285	0
140	319	0
140	282	0
140	318	0
141	563	1
141	1795	1
141	1847	0
141	1784	0
141	553	0
141	1811	0
141	1729	0
142	584	1
142	673	0
142	639	0
142	747	0
142	252	0
142	594	0
143	1026	1
143	1030	1
143	1027	0
143	1031	0
143	1035	0
143	1913	0
144	1660	1
144	1030	0
144	1895	0
144	1031	0
144	1899	0
144	388	0
145	1019	1
145	1895	0
145	1899	0
145	1913	0
145	989	0
146	1030	1
146	1902	0
146	1899	0
146	1895	0
146	1913	0
147	410	1
147	411	0
147	1002	0
147	100	0
147	30	0
148	747	1
148	1116	0
148	1923	0
148	1124	0
148	1918	0
149	1040	0
149	1902	0
149	1022	0
149	1030	0
149	1046	0
150	1028	1
150	1056	1
150	1057	1
150	1002	0
150	1005	0
150	30	0
150	410	0
150	1031	0
151	149	1
151	155	1
151	196	1
151	146	0
151	150	0
151	145	0
152	130	1
152	136	0
152	160	0
152	131	0
152	153	0
152	138	0
153	1010	1
153	1895	1
153	798	0
153	1031	0
153	1666	0
153	1667	0
154	1060	1
154	1446	0
154	1011	0
154	1437	0
154	1037	0
155	1038	1
155	1039	1
155	1041	1
155	1043	1
155	1044	1
155	1045	1
155	1047	1
155	1048	1
155	1049	1
155	1051	1
155	1058	0
155	472	0
155	862	0
155	1031	0
155	490	0
156	1019	1
156	1895	1
156	1901	1
156	1907	1
156	1908	1
156	1065	0
156	1031	0
156	1899	0
156	1026	0
157	130	1
157	553	1
157	1139	1
157	1192	1
157	1193	1
157	1856	1
157	827	0
157	460	0
157	1217	0
157	995	0
157	720	0
158	1908	1
158	1030	0
158	1790	0
158	903	0
158	1895	0
158	548	0
159	747	1
159	727	0
159	594	0
159	584	0
159	748	0
160	549	1
160	565	1
160	697	1
160	1602	1
160	1166	0
160	1635	0
161	703	1
161	707	0
161	714	0
161	1395	0
161	90	0
162	1170	1
162	41	0
162	381	0
162	1551	0
162	375	0
162	1893	0
163	1693	0
163	1196	0
163	14	0
163	1902	0
163	1819	0
164	1178	0
164	1060	0
164	385	0
164	1020	0
164	1158	0
165	632	1
165	1733	0
165	405	0
165	553	0
165	1784	0
166	472	0
166	1176	0
166	477	0
166	1160	0
166	990	0
167	691	1
167	136	0
167	282	0
167	179	0
167	1217	0
167	153	0
168	639	1
168	289	0
168	638	0
168	1860	0
168	1312	0
169	548	1
169	1927	0
169	1137	0
169	1139	0
169	1138	0
170	1602	1
170	1410	0
170	1409	0
170	1704	0
170	1560	0
171	549	1
171	552	1
171	584	1
171	593	1
171	616	1
171	798	1
171	1597	1
171	1599	1
171	1605	1
171	1590	0
171	1595	0
171	1640	0
172	704	1
172	1838	1
172	1799	0
172	1596	0
172	578	0
173	282	1
173	320	1
173	323	1
173	1705	1
173	2028	0
173	1388	0
173	1969	0
173	1972	0
173	1996	0
174	354	1
174	356	0
174	929	0
174	45	0
174	389	0
174	353	0
175	625	1
175	1816	1
175	916	0
175	1814	0
175	549	0
176	566	1
176	604	0
176	234	0
176	758	0
176	1860	0
177	1160	1
177	989	0
177	1937	0
177	383	0
177	1892	0
178	638	1
178	748	0
178	1823	0
178	1826	0
178	589	0
179	457	1
179	528	0
179	526	0
179	1771	0
179	459	0
180	254	1
180	1805	0
180	289	0
180	642	0
180	341	0
180	324	0
181	519	1
181	500	0
181	455	0
181	498	0
181	467	0
181	453	0
182	309	1
182	280	0
182	1550	0
182	1264	0
182	1229	0
182	1222	0
183	915	1
183	909	0
183	626	0
183	917	0
183	625	0
183	916	0
184	585	1
184	1843	1
184	1854	1
184	727	0
184	747	0
184	86	0
184	748	0
184	673	0
185	741	1
185	864	1
185	1843	1
185	1854	1
185	727	0
185	747	0
185	1696	0
185	86	0
186	386	1
186	977	1
186	1160	1
186	1003	0
186	411	0
186	1002	0
186	1001	0
186	1643	0
187	916	1
187	906	0
187	917	0
187	941	0
187	911	0
187	914	0
188	252	1
188	344	1
188	311	0
188	231	0
188	306	0
188	282	0
189	1170	1
189	1174	1
189	1176	1
189	977	0
189	996	0
189	713	0
189	1160	0
190	1524	0
190	1537	0
190	747	0
190	1795	0
190	584	0
191	440	1
191	584	1
191	585	1
191	754	1
191	864	1
191	1794	1
191	1798	1
191	1854	1
191	1859	1
191	1918	0
191	1923	0
191	1106	0
191	679	0
192	831	1
192	1876	0
192	727	0
192	1283	0
192	827	0
192	828	0
193	1057	0
193	1900	0
193	1449	0
193	1036	0
193	1059	0
194	420	1
194	1737	1
194	1836	1
194	439	0
194	715	0
195	643	1
195	584	0
195	574	0
195	548	0
195	566	0
196	1139	1
196	1927	1
196	284	0
196	275	0
196	1784	0
196	387	0
196	405	0
197	593	1
197	1801	1
197	747	0
197	584	0
197	748	0
197	729	0
197	730	0
198	1854	1
198	1106	0
198	1524	0
198	747	0
198	1116	0
198	1916	0
199	1383	1
199	1998	1
199	1999	1
199	2020	0
199	2028	0
199	1472	0
199	2024	0
199	2018	0
200	269	1
200	340	0
200	289	0
200	1556	0
200	1562	0
200	1565	0
201	861	1
201	638	0
201	747	0
201	727	0
201	740	0
202	740	1
202	776	0
202	774	0
202	478	0
202	778	0
202	781	0
203	266	1
203	1701	1
203	2023	0
203	1222	0
203	20	0
203	1104	0
203	345	0
204	126	1
204	144	0
204	143	0
204	773	0
204	170	0
205	135	1
205	143	0
205	147	0
205	151	0
205	158	0
206	704	1
206	1838	1
206	1799	0
206	366	0
206	315	0
206	309	0
207	135	1
207	169	0
207	136	0
207	131	0
207	159	0
208	217	1
208	748	0
208	638	0
208	246	0
208	1398	0
208	216	0
209	1598	1
209	1799	0
209	727	0
209	1806	0
209	1594	0
210	245	1
210	251	1
210	1697	1
210	472	0
210	246	0
210	490	0
210	878	0
211	691	1
211	299	0
211	89	0
211	282	0
211	967	0
211	1854	0
212	734	1
212	1400	0
212	909	0
212	86	0
212	727	0
212	589	0
213	1594	1
213	949	0
213	84	0
213	553	0
213	41	0
213	1732	0
214	1856	1
214	110	0
214	89	0
214	1728	0
214	122	0
214	111	0
215	563	1
215	1538	0
215	574	0
215	1795	0
215	548	0
216	414	1
216	563	1
216	597	1
216	1795	1
216	417	0
216	1538	0
216	1523	0
217	1059	0
217	1900	0
217	1013	0
217	1031	0
217	1057	0
218	580	1
218	1804	1
218	1843	0
218	218	0
218	717	0
218	937	0
219	628	1
219	14	0
219	624	0
219	1797	0
219	1729	0
220	1106	0
220	1116	0
220	1923	0
220	1124	0
220	1916	0
221	387	1
221	45	0
221	1927	0
221	405	0
221	354	0
222	256	1
222	264	0
222	234	0
222	314	0
222	311	0
222	285	0
223	903	1
223	436	0
223	965	0
223	1833	0
223	1589	0
224	408	1
224	1892	0
224	1160	0
224	1634	0
224	548	0
224	929	0
225	282	1
225	257	0
225	285	0
225	286	0
225	1752	0
226	250	1
226	296	1
226	305	1
226	307	1
226	311	1
226	246	0
226	1552	0
226	1562	0
227	524	1
227	521	0
227	526	0
227	519	0
227	817	0
228	405	1
228	398	0
228	996	0
228	548	0
228	977	0
229	703	1
229	707	0
229	714	0
229	816	0
229	618	0
229	626	0
230	310	1
230	1714	1
230	318	0
230	1651	0
230	1720	0
230	1565	0
230	1566	0
231	594	0
231	1170	0
231	727	0
231	435	0
231	86	0
232	727	1
232	1795	0
232	1854	0
232	747	0
232	86	0
233	435	1
233	594	1
233	737	1
233	617	0
233	618	0
233	616	0
233	584	0
234	295	1
234	310	1
234	318	0
234	1584	0
234	960	0
234	280	0
234	284	0
235	1002	0
235	1005	0
235	1031	0
235	1057	0
235	1056	0
236	916	1
236	1536	0
236	1532	0
236	1890	0
236	1512	0
236	1609	0
237	252	0
237	658	0
237	791	0
237	5	0
237	1693	0
238	697	1
238	727	0
238	747	0
238	1524	0
238	638	0
238	609	0
239	354	1
239	1144	1
239	1929	1
239	387	0
239	356	0
239	410	0
239	989	0
239	548	0
240	747	1
240	339	0
240	1876	0
240	963	0
240	1312	0
240	1807	0
241	588	1
241	573	0
241	595	0
241	1742	0
241	593	0
242	1775	0
242	1889	0
242	348	0
242	902	0
242	387	0
243	232	1
243	735	1
243	747	1
243	963	0
243	339	0
243	1312	0
243	957	0
243	1309	0
244	367	1
244	387	1
244	408	0
244	383	0
244	1167	0
244	589	0
244	1160	0
245	293	0
245	1917	0
245	296	0
245	1104	0
245	284	0
246	296	1
246	289	0
246	747	0
246	1090	0
246	267	0
246	252	0
247	574	1
247	1795	0
247	548	0
247	1625	0
247	433	0
247	387	0
248	216	1
248	516	1
248	926	1
248	955	1
248	1203	1
248	1517	1
248	1540	1
248	1618	1
248	1644	1
248	695	0
248	1392	0
248	693	0
248	1384	0
248	991	0
249	385	1
249	1208	0
249	702	0
249	1223	0
249	94	0
249	1178	0
250	747	1
250	1854	1
250	727	0
250	566	0
250	86	0
250	584	0
251	256	1
251	1702	1
251	1967	1
251	1565	0
251	318	0
251	1562	0
251	282	0
251	319	0
252	288	0
252	340	0
252	314	0
252	284	0
252	282	0
253	386	1
253	1160	1
253	977	0
253	1162	0
253	58	0
254	1452	0
254	1033	0
254	1468	0
254	1013	0
254	1454	0
255	521	1
255	524	0
255	458	0
255	519	0
255	501	0
256	521	1
256	524	0
256	1777	0
256	526	0
256	1776	0
257	747	1
257	658	0
257	1853	0
257	729	0
257	581	0
257	1613	0
258	543	1
258	1791	1
258	548	0
258	1889	0
258	436	0
258	727	0
259	458	1
259	519	1
259	521	1
259	526	1
259	1153	1
259	1160	1
259	1179	1
259	1404	1
259	1752	0
259	1811	0
259	459	0
259	602	0
259	384	0
260	135	1
260	136	0
260	131	0
260	141	0
260	153	0
261	136	1
261	131	0
261	153	0
261	135	0
261	141	0
262	817	1
262	798	0
262	804	0
262	816	0
262	803	0
263	593	1
263	821	1
263	1094	0
263	300	0
263	296	0
263	317	0
263	297	0
264	584	1
264	727	0
264	80	0
264	86	0
264	387	0
264	1198	0
265	584	1
265	597	1
265	1799	1
265	264	0
265	285	0
265	1806	0
265	1584	0
266	593	1
266	1801	1
266	318	0
266	995	0
266	1567	0
266	319	0
266	1649	0
267	126	1
267	571	0
267	135	0
267	136	0
267	170	0
268	1696	1
268	747	0
268	735	0
268	1106	0
268	339	0
268	440	0
269	264	1
269	282	1
269	618	0
269	1565	0
269	1438	0
269	747	0
269	549	0
270	126	1
270	135	1
270	143	1
270	188	1
270	170	0
271	346	1
271	386	1
271	406	1
271	408	1
271	553	1
271	366	0
271	576	0
271	584	0
271	804	0
271	498	0
272	1489	1
272	2018	1
272	1477	0
272	1304	0
272	201	0
273	589	1
273	566	0
273	584	0
273	594	0
273	737	0
274	367	1
274	383	1
274	388	0
274	402	0
274	408	0
274	411	0
275	625	1
275	916	0
275	859	0
275	1814	0
275	1816	0
276	747	1
276	594	0
276	727	0
276	729	0
276	673	0
277	691	1
277	1089	0
277	1915	0
277	284	0
277	1839	0
277	231	0
278	589	1
278	1825	0
278	568	0
278	561	0
278	513	0
278	1159	0
279	138	1
279	141	0
279	153	0
279	179	0
279	168	0
279	137	0
280	1696	1
280	435	0
280	1170	0
280	1169	0
280	1832	0
280	581	0
281	131	1
281	135	1
281	137	0
281	153	0
281	169	0
282	252	1
282	765	0
282	231	0
282	756	0
282	275	0
283	615	1
283	616	1
283	618	0
283	321	0
283	492	0
283	1438	0
284	747	1
284	584	0
284	595	0
284	1845	0
284	593	0
285	638	0
285	1167	0
285	1825	0
285	989	0
285	282	0
286	1817	1
286	1813	0
286	1909	0
286	1818	0
286	118	0
287	574	1
287	1795	1
287	414	0
287	1627	0
287	1565	0
287	1569	0
287	1625	0
288	727	1
288	1846	1
288	89	0
288	86	0
288	282	0
288	1784	0
289	1106	0
289	747	0
289	1098	0
289	1532	0
289	1536	0
290	589	1
290	1825	0
290	1153	0
290	1167	0
290	989	0
291	1802	0
291	1313	0
291	590	0
291	1311	0
291	1693	0
292	387	1
292	1729	1
292	1847	0
292	1728	0
292	917	0
292	45	0
292	486	0
293	585	1
293	250	0
293	1301	0
293	257	0
293	2018	0
294	585	1
294	365	0
294	2018	0
294	1551	0
294	864	0
295	638	1
295	1861	0
295	1826	0
295	639	0
295	282	0
296	585	1
296	1584	0
296	1534	0
296	603	0
296	1051	0
297	386	1
297	406	1
297	1160	1
297	1167	0
297	408	0
297	989	0
297	388	0
297	1176	0
298	131	1
298	135	1
298	137	1
298	152	1
298	153	1
298	161	1
298	143	0
299	1452	0
299	486	0
299	1159	0
299	1026	0
299	25	0
300	1159	1
300	1167	1
300	1789	0
300	1782	0
300	1947	0
300	29	0
300	38	0
301	493	1
301	495	1
301	803	1
301	618	0
301	804	0
301	925	0
301	798	0
302	567	1
302	1160	0
302	989	0
302	997	0
302	995	0
303	130	1
303	135	1
303	153	1
303	170	0
303	143	0
303	126	0
303	26	0
304	1479	1
304	524	0
304	599	0
304	933	0
304	960	0
304	756	0
305	2023	1
305	1808	0
305	1532	0
305	1536	0
305	1833	0
305	422	0
306	741	1
306	702	0
306	1222	0
306	1497	0
306	638	0
306	1227	0
307	571	1
307	232	0
307	250	0
307	1840	0
307	727	0
307	246	0
308	130	1
308	135	1
308	136	1
308	137	1
308	153	1
308	989	0
308	638	0
308	519	0
309	579	1
309	1553	0
309	1237	0
309	142	0
309	595	0
309	750	0
310	1814	1
310	805	0
310	630	0
310	1950	0
310	1816	0
311	130	1
311	131	1
311	136	1
311	137	1
311	153	1
311	917	0
311	173	0
311	915	0
311	142	0
312	127	1
312	135	1
312	153	1
312	131	0
312	136	0
312	143	0
313	151	1
313	143	0
313	144	0
313	148	0
313	147	0
314	1176	1
314	367	0
314	388	0
314	402	0
314	399	0
315	620	1
315	590	0
315	1823	0
315	1825	0
315	1693	0
315	1820	0
316	638	1
316	1823	1
316	1825	1
316	590	0
316	1820	0
317	282	1
317	1561	0
317	259	0
317	285	0
317	1562	0
318	907	1
318	916	1
318	918	1
318	4	0
318	12	0
318	550	0
318	2	0
318	10	0
319	638	1
319	1823	0
319	590	0
319	1827	0
319	1820	0
320	223	1
320	216	0
320	1604	0
320	1595	0
320	585	0
321	252	1
321	285	0
321	288	0
321	289	0
321	314	0
322	1179	1
322	1176	0
322	1175	0
322	370	0
322	1167	0
323	702	1
323	131	0
323	917	0
323	138	0
323	195	0
324	623	1
324	1814	0
324	1817	0
324	1818	0
324	911	0
324	1114	0
325	1479	1
325	590	0
325	1823	0
325	296	0
325	1825	0
325	1820	0
326	287	1
326	590	0
326	1823	0
326	296	0
326	1825	0
326	1820	0
327	706	1
327	590	0
327	393	0
327	7	0
327	1823	0
327	1892	0
328	737	1
328	658	0
328	590	0
328	594	0
328	1823	0
328	727	0
329	451	1
329	590	0
329	280	0
329	1823	0
329	296	0
329	1825	0
330	286	1
330	311	0
330	282	0
330	314	0
330	294	0
330	324	0
331	748	1
331	590	0
331	605	0
331	1823	0
331	816	0
331	638	0
332	130	1
332	131	0
332	136	0
332	137	0
332	135	0
332	153	0
333	430	1
333	905	0
333	39	0
333	1409	0
333	894	0
334	287	1
334	1808	0
334	312	0
334	717	0
334	231	0
335	952	1
335	399	0
335	1156	0
335	377	0
335	1175	0
335	1811	0
336	747	1
336	339	0
336	1310	0
336	1524	0
336	1312	0
337	1390	1
337	2002	1
337	1318	0
337	2001	0
337	2028	0
337	313	0
337	1388	0
338	571	1
338	861	1
338	1209	0
338	1897	0
338	1840	0
338	1637	0
338	1638	0
339	405	1
339	1733	0
339	553	0
339	632	0
339	686	0
339	697	0
340	952	1
340	1817	0
340	1301	0
340	1893	0
340	126	0
340	566	0
341	597	1
341	1514	0
341	574	0
341	569	0
341	1524	0
341	341	0
342	543	1
342	547	1
342	1786	1
342	46	0
342	556	0
342	1572	0
343	576	1
343	589	0
343	1167	0
343	408	0
343	1176	0
343	1160	0
344	747	1
344	1245	1
344	1845	1
344	584	0
344	566	0
344	707	0
344	1160	0
345	389	1
345	1625	0
345	1627	0
345	597	0
345	804	0
345	1835	0
346	389	1
346	408	0
346	387	0
346	1167	0
346	410	0
346	490	0
347	747	1
347	1312	0
347	1310	0
347	1830	0
347	339	0
347	888	0
348	314	0
348	339	0
348	365	0
348	288	0
348	275	0
349	232	1
349	299	1
349	349	1
349	351	1
349	353	1
349	354	1
349	625	1
349	703	1
349	713	1
349	761	1
349	851	1
349	905	1
349	906	1
349	916	1
349	1141	1
349	1217	0
349	1139	0
349	1236	0
349	862	0
350	639	1
350	959	0
350	424	0
350	760	0
350	762	0
350	767	0
351	690	1
351	1301	0
351	1304	0
351	1298	0
351	1296	0
351	1308	0
352	747	1
352	1524	0
352	1106	0
352	252	0
352	658	0
353	1343	1
353	1970	1
353	1558	0
353	590	0
353	1798	0
353	1801	0
353	1856	0
354	727	1
354	1893	1
354	909	0
354	589	0
354	911	0
354	576	0
355	638	1
355	639	0
355	1312	0
355	646	0
355	1829	0
356	1351	1
356	1993	1
356	1384	0
356	282	0
356	1491	0
356	1393	0
357	547	1
357	707	0
357	282	0
357	902	0
357	543	0
357	692	0
358	727	1
358	86	0
358	735	0
358	746	0
358	1847	0
359	747	1
359	1808	0
359	576	0
359	590	0
359	27	0
359	1403	0
360	703	1
360	562	0
360	707	0
360	714	0
360	752	0
361	623	1
361	1818	0
361	1814	0
361	1817	0
361	624	0
362	1194	1
362	1400	0
362	1068	0
362	1071	0
362	638	0
362	27	0
363	473	1
363	1751	0
363	471	0
363	470	0
363	908	0
364	473	1
364	605	0
364	1751	0
364	638	0
364	702	0
364	470	0
365	473	1
365	1751	0
365	638	0
365	470	0
365	702	0
365	471	0
366	747	1
366	1839	0
366	737	0
366	584	0
366	788	0
367	1922	0
367	1917	0
367	1916	0
367	1132	0
367	520	0
368	487	1
368	1758	0
368	74	0
368	1176	0
368	402	0
369	408	1
369	553	1
369	1159	1
369	1160	1
369	1167	1
369	1176	1
369	1728	1
369	1729	1
369	1732	1
369	1736	1
369	1737	1
369	1784	1
369	1785	1
369	1797	1
369	1798	1
369	1819	1
369	1847	1
369	1856	1
369	1889	1
369	1893	1
369	1934	1
369	1945	1
369	1953	1
369	1957	1
369	1958	1
369	88	0
369	945	0
369	35	0
370	1947	0
370	727	0
370	595	0
370	1893	0
370	747	0
371	638	1
371	1827	0
371	1861	0
371	1826	0
371	1823	0
371	639	0
372	567	1
372	977	1
372	995	0
372	1001	0
372	989	0
372	1160	0
372	979	0
373	593	1
373	838	0
373	1521	0
373	903	0
373	1817	0
373	36	0
374	941	1
374	594	0
374	737	0
374	727	0
374	747	0
374	1846	0
375	267	1
375	286	1
375	312	0
375	310	0
375	324	0
375	328	0
375	311	0
376	548	1
376	1892	1
376	545	0
376	669	0
376	592	0
376	436	0
376	87	0
377	543	1
377	1598	0
377	719	0
377	239	0
377	425	0
378	440	1
378	543	1
378	584	1
378	411	0
378	1643	0
378	1003	0
378	1002	0
378	30	0
379	432	1
379	423	0
379	932	0
379	426	0
379	575	0
380	1625	1
380	1795	0
380	436	0
380	574	0
380	408	0
380	604	0
381	577	1
381	1539	0
381	9	0
381	561	0
381	1159	0
381	931	0
382	1160	1
382	989	0
382	1159	0
382	383	0
382	371	0
383	387	1
383	399	1
383	401	1
383	403	1
383	405	1
383	548	1
383	709	0
383	715	0
383	420	0
383	84	0
383	477	0
384	1847	1
384	1849	1
384	1819	0
384	804	0
384	1744	0
384	816	0
384	42	0
385	1173	1
385	388	0
385	25	0
385	375	0
385	1176	0
385	367	0
386	1489	1
386	2011	1
386	1476	0
386	1995	0
386	1969	0
386	1972	0
387	742	1
387	757	0
387	791	0
387	1839	0
387	737	0
388	590	1
388	1823	0
388	638	0
388	620	0
388	1693	0
389	361	1
389	1936	1
389	977	0
389	713	0
389	67	0
389	390	0
389	58	0
390	1176	1
390	74	0
390	1179	0
390	487	0
390	1175	0
391	399	1
391	401	1
391	403	1
391	405	1
391	1734	0
391	1733	0
391	398	0
391	400	0
392	632	1
392	86	0
392	727	0
392	1283	0
392	1302	0
392	726	0
393	626	1
393	431	0
393	1100	0
393	648	0
393	1740	0
394	493	1
394	799	1
394	492	0
394	494	0
394	798	0
395	267	1
395	584	1
395	614	1
395	638	1
395	639	1
395	685	1
395	692	1
395	703	1
395	737	1
395	742	1
395	903	1
395	1397	1
395	1790	1
395	1795	1
395	1798	1
395	1847	1
395	1889	1
395	1404	0
395	1840	0
395	748	0
396	727	1
396	1846	1
396	747	0
396	1839	0
396	1802	0
397	553	1
397	748	0
397	1095	0
397	275	0
397	590	0
397	747	0
398	590	1
398	1823	0
398	638	0
398	1825	0
398	1820	0
399	386	1
399	406	1
399	1160	1
399	989	0
399	1782	0
399	1789	0
399	1847	0
400	548	1
400	1159	0
400	865	0
400	1072	0
400	562	0
400	916	0
401	737	1
401	673	0
401	594	0
401	889	0
401	435	0
402	851	1
402	1955	0
402	1553	0
402	1612	0
402	1283	0
402	844	0
403	304	1
403	309	1
403	282	0
403	959	0
403	1892	0
403	299	0
403	380	0
404	594	0
404	747	0
404	727	0
404	737	0
404	673	0
405	590	1
405	636	0
405	160	0
405	185	0
405	190	0
406	388	1
406	402	0
406	375	0
406	408	0
406	367	0
407	131	1
407	195	0
407	169	0
407	159	0
407	136	0
408	865	1
408	747	0
408	748	0
408	594	0
408	727	0
408	584	0
409	612	1
409	618	0
409	712	0
409	616	0
409	798	0
409	542	0
410	703	1
410	707	0
410	714	0
410	1071	0
410	430	0
411	747	1
411	748	0
411	594	0
411	740	0
411	727	0
412	363	1
412	364	1
412	365	1
412	384	1
412	1732	1
412	1198	0
412	702	0
412	1222	0
412	94	0
412	1193	0
413	714	1
413	30	0
413	562	0
413	703	0
413	1234	0
413	1134	0
414	437	1
414	865	1
414	592	0
414	643	0
414	457	0
414	571	0
415	551	1
415	543	0
415	405	0
415	389	0
415	1795	0
415	903	0
416	977	1
416	989	0
416	1404	0
416	1160	0
416	798	0
417	296	1
417	963	0
417	339	0
417	1090	0
417	1313	0
417	1726	0
418	425	1
418	1744	1
418	1743	0
418	618	0
418	584	0
419	1096	0
419	1095	0
419	1106	0
419	1071	0
419	1103	0
420	401	1
420	1709	0
420	1830	0
420	1198	0
420	498	0
420	395	0
421	553	1
421	989	0
421	1167	0
421	1160	0
421	1159	0
421	1892	0
422	972	1
422	1160	1
422	386	0
422	346	0
422	1936	0
422	409	0
423	703	1
423	1397	0
423	260	0
423	834	0
423	658	0
424	596	1
424	1820	0
424	1817	0
424	1312	0
424	597	0
424	639	0
425	531	1
425	1775	1
425	1751	0
425	1003	0
425	189	0
426	605	1
426	745	0
426	658	0
426	663	0
426	729	0
427	584	1
427	1757	0
427	1820	0
427	1897	0
427	903	0
427	158	0
428	685	1
428	1519	0
428	587	0
428	572	0
428	686	0
429	626	1
429	1100	0
429	1818	0
429	1819	0
429	747	0
429	1103	0
430	1393	1
430	1095	0
430	232	0
430	1740	0
430	282	0
430	1187	0
431	577	1
431	596	1
431	431	0
431	1892	0
431	1740	0
431	632	0
431	1598	0
432	563	1
432	1628	0
432	1795	0
432	1780	0
432	1811	0
432	414	0
433	697	1
433	492	0
433	925	0
433	493	0
433	618	0
433	798	0
434	727	1
434	735	0
434	1854	0
434	86	0
434	1933	0
435	1397	1
435	1404	0
435	748	0
435	1403	0
435	282	0
435	669	0
436	747	0
436	695	0
436	650	0
436	660	0
436	675	0
437	747	1
437	1854	1
437	341	0
437	727	0
437	1846	0
437	1801	0
437	1710	0
438	703	1
438	707	0
438	1834	0
438	714	0
438	1837	0
439	747	1
439	1845	1
439	727	0
439	1170	0
439	748	0
439	39	0
439	1938	0
440	826	1
440	1377	0
440	841	0
440	839	0
440	846	0
441	688	1
441	689	1
441	697	1
441	715	0
441	420	0
441	638	0
441	809	0
441	1160	0
442	798	1
442	803	1
442	817	0
442	816	0
442	487	0
443	905	1
443	1888	0
443	433	0
443	903	0
443	1811	0
444	478	0
444	571	0
444	727	0
444	804	0
444	487	0
445	747	1
445	695	0
445	650	0
445	660	0
445	675	0
446	547	1
446	723	0
446	358	0
446	371	0
446	385	0
447	755	1
447	760	1
447	769	1
447	770	1
447	771	1
447	772	1
447	762	0
447	767	0
448	747	1
448	1311	1
448	1314	1
448	1317	1
448	727	0
448	1854	0
448	1846	0
448	1830	0
448	1312	0
449	632	1
449	1114	0
449	908	0
449	624	0
449	1819	0
450	1147	1
450	1159	1
450	1160	1
450	1167	1
450	1176	1
450	1932	1
450	989	0
450	74	0
450	1897	0
451	692	1
451	697	1
451	763	1
451	1820	0
451	765	0
451	1825	0
451	760	0
452	626	1
452	285	0
452	727	0
452	86	0
452	282	0
452	252	0
453	137	1
453	384	0
453	180	0
453	1178	0
453	138	0
453	994	0
454	737	1
454	1725	0
454	673	0
454	435	0
454	899	0
455	282	1
455	259	0
455	285	0
455	264	0
455	319	0
456	1625	1
456	1795	0
456	185	0
456	926	0
456	1960	0
456	591	0
457	151	1
457	786	0
457	796	0
457	815	0
457	783	0
457	817	0
458	130	1
458	1779	0
458	165	0
458	189	0
458	453	0
458	156	0
459	697	1
459	686	0
459	691	0
459	692	0
459	1889	0
460	1576	1
460	1578	1
460	1579	1
460	1580	1
460	1581	1
460	1582	1
460	1720	0
460	1519	0
460	1115	0
460	1820	0
460	1190	0
461	1524	1
461	1562	0
461	294	0
461	1552	0
461	1565	0
461	1718	0
462	803	1
462	909	0
462	734	0
462	908	0
462	910	0
462	624	0
463	628	1
463	624	0
463	911	0
463	1818	0
463	549	0
464	945	1
464	571	0
464	1001	0
464	1708	0
464	1317	0
464	773	0
465	263	1
465	282	0
465	297	0
465	296	0
465	285	0
465	318	0
466	727	1
466	1893	0
466	86	0
466	1823	0
466	685	0
467	1160	1
467	374	0
467	386	0
467	406	0
467	989	0
468	1160	1
468	185	0
468	146	0
468	136	0
468	158	0
468	638	0
469	559	1
469	616	1
469	617	1
469	687	1
469	798	1
469	803	1
469	804	1
469	618	0
469	1595	0
470	548	1
470	1795	1
470	1835	1
470	563	0
470	405	0
470	387	0
471	747	1
471	1312	1
471	963	0
471	1116	0
471	303	0
472	1160	1
472	972	0
472	567	0
472	310	0
472	742	0
472	1203	0
473	546	1
473	702	1
473	917	1
473	1601	1
473	431	0
473	567	0
473	1740	0
473	1024	0
473	637	0
474	367	1
474	383	1
474	390	1
474	403	1
474	1785	1
474	1847	1
474	1863	1
474	1782	0
474	45	0
474	1789	0
474	387	0
474	548	0
475	383	1
475	386	1
475	404	1
475	405	1
475	406	1
475	713	1
475	1733	0
475	402	0
475	374	0
476	312	1
476	1580	0
476	285	0
476	1561	0
476	280	0
476	1540	0
477	584	1
477	989	0
477	136	0
477	135	0
477	906	0
478	639	1
478	747	0
478	1001	0
478	727	0
478	1031	0
478	990	0
479	626	1
479	2007	0
479	2018	0
479	1318	0
479	2020	0
479	1502	0
480	135	1
480	169	0
480	136	0
480	153	0
480	131	0
481	903	0
481	295	0
481	750	0
481	1229	0
481	252	0
482	758	1
482	759	1
482	764	1
482	766	1
482	770	1
482	765	0
482	760	0
482	762	0
482	767	0
482	769	0
483	753	1
483	903	0
483	989	0
483	89	0
483	318	0
483	703	0
484	437	1
484	601	1
484	634	1
484	865	1
484	1146	0
484	589	0
485	367	1
485	1158	1
485	1178	1
485	1160	0
485	1936	0
485	25	0
485	727	0
486	584	1
486	1846	1
486	748	0
486	727	0
486	673	0
486	86	0
486	436	0
487	906	1
487	913	0
487	951	0
487	947	0
487	747	0
488	906	1
488	1532	0
488	1536	0
488	1814	0
488	917	0
489	547	1
489	548	0
489	405	0
489	1733	0
489	395	0
489	45	0
490	1524	0
490	339	0
490	1889	0
490	974	0
490	861	0
491	406	1
491	1733	0
491	989	0
491	408	0
491	405	0
492	440	1
492	574	1
492	584	1
492	321	0
492	597	0
492	285	0
492	311	0
492	288	0
493	1343	1
493	1489	1
493	1970	1
493	638	0
493	747	0
493	902	0
493	575	0
493	584	0
494	548	1
494	584	1
494	596	1
494	1795	1
494	933	0
494	417	0
494	1625	0
494	414	0
495	692	1
495	926	0
495	1153	0
495	846	0
495	903	0
495	513	0
496	584	1
496	737	0
496	692	0
496	594	0
496	747	0
496	344	0
497	797	1
497	803	1
497	1597	0
497	716	0
497	429	0
497	623	0
497	552	0
498	282	1
498	252	0
498	304	0
498	322	0
498	231	0
499	131	1
499	365	0
499	354	0
499	535	0
499	364	0
500	906	1
500	626	0
500	1818	0
500	948	0
500	1817	0
500	549	0
501	748	0
501	567	0
501	650	0
501	296	0
501	487	0
502	1096	0
502	747	0
502	1524	0
502	1918	0
502	727	0
503	851	1
503	1601	0
503	53	0
503	1142	0
503	543	0
503	256	0
504	582	1
504	727	0
504	570	0
504	436	0
504	747	0
504	1021	0
505	571	1
505	748	1
505	769	0
505	1934	0
505	1892	0
505	561	0
505	804	0
506	384	1
506	387	0
506	1811	0
506	388	0
506	367	0
507	1170	1
507	590	0
507	1693	0
507	1802	0
507	1235	0
507	1823	0
508	1839	0
508	963	0
508	747	0
508	961	0
508	1312	0
509	257	1
509	1561	0
509	341	0
509	289	0
509	327	0
509	334	0
510	324	1
510	314	0
510	294	0
510	1550	0
510	284	0
511	787	1
511	789	1
511	790	1
511	791	1
511	792	1
511	817	0
511	737	0
511	470	0
511	786	0
512	584	1
512	590	1
512	638	1
512	639	1
512	513	0
512	1153	0
512	1235	0
512	989	0
513	515	1
513	531	0
513	457	0
513	1234	0
513	1207	0
513	1047	0
514	584	1
514	590	0
514	1167	0
514	622	0
514	1509	0
515	549	1
515	1597	0
515	618	0
515	929	0
515	1573	0
515	706	0
516	903	1
516	1627	0
516	1624	0
516	1752	0
516	1947	0
517	135	1
517	184	1
517	153	0
517	169	0
517	159	0
517	131	0
518	225	1
518	493	1
518	1166	1
518	1378	1
518	1390	0
518	1245	0
518	227	0
518	1325	0
518	1361	0
519	761	1
519	756	0
519	1889	0
519	905	0
519	344	0
519	252	0
520	595	1
520	747	0
520	593	0
520	584	0
520	566	0
521	788	1
521	791	0
521	817	0
521	737	0
521	589	0
521	747	0
522	389	1
522	548	1
522	702	1
522	703	1
522	350	0
522	353	0
522	289	0
522	697	0
522	1551	0
523	816	1
523	2028	0
523	2020	0
523	2023	0
523	1159	0
523	2007	0
524	451	1
524	909	0
524	919	0
524	906	0
524	734	0
524	910	0
525	748	1
525	903	0
525	1002	0
525	282	0
525	765	0
525	1752	0
526	282	1
526	286	1
526	285	0
526	284	0
526	296	0
526	2022	0
527	130	1
527	135	1
527	790	0
527	2033	0
527	590	0
527	616	0
528	149	1
528	153	1
528	1820	0
528	638	0
529	1675	1
529	405	0
529	1594	0
529	389	0
529	905	0
529	1611	0
530	765	1
530	760	0
530	762	0
530	767	0
530	769	0
531	217	1
531	39	0
531	638	0
531	13	0
531	1160	0
531	903	0
532	135	1
532	175	1
532	1436	0
532	486	0
532	169	0
532	136	0
532	483	0
533	210	1
533	111	0
533	395	0
533	1638	0
533	1637	0
533	1524	0
534	1354	0
534	610	0
534	138	0
534	1667	0
534	295	0
535	383	1
535	685	0
535	989	0
535	991	0
535	987	0
535	990	0
536	798	1
536	795	0
536	804	0
536	806	0
536	807	0
537	420	1
537	715	1
537	1737	1
537	1836	1
537	709	0
537	1521	0
538	1176	1
538	1179	0
538	487	0
538	1160	0
538	367	0
539	906	1
539	1134	0
539	1146	0
539	1198	0
539	1932	0
540	1391	1
540	2004	1
540	1390	0
540	285	0
540	282	0
540	1235	0
541	130	1
541	131	1
541	135	1
541	136	1
541	137	1
541	138	1
541	153	1
541	186	1
541	193	1
541	195	1
541	486	0
541	84	0
541	169	0
541	484	0
542	817	1
542	805	0
542	724	0
542	804	0
542	800	0
543	282	1
543	285	0
543	341	0
543	232	0
543	436	0
544	748	1
544	1071	1
544	1075	1
544	655	0
544	909	0
544	665	0
544	658	0
544	666	0
545	626	1
545	630	0
545	1817	0
545	1818	0
545	622	0
546	397	1
546	790	1
546	1144	1
546	405	0
546	1734	0
546	1733	0
546	791	0
547	288	1
547	284	0
547	259	0
547	590	0
547	1704	0
547	282	0
548	559	1
548	616	1
548	617	1
548	687	1
548	618	0
548	798	0
548	816	0
549	1487	1
549	2019	1
549	282	0
549	285	0
549	250	0
549	238	0
549	254	0
550	549	1
550	553	1
550	1784	1
550	1225	0
550	431	0
550	632	0
550	1740	0
551	748	0
551	437	0
551	865	0
551	708	0
551	589	0
552	199	1
552	215	1
552	218	1
552	221	1
552	226	1
552	228	1
552	229	1
552	236	1
552	258	1
552	288	1
552	464	1
552	492	1
552	493	1
552	494	1
552	496	1
552	497	1
552	501	1
552	513	1
552	617	1
552	689	1
552	787	1
552	789	1
552	828	1
552	830	1
552	852	1
552	872	1
552	1134	1
552	1141	1
552	1166	1
552	1298	1
552	1307	1
552	1399	1
552	1503	1
552	1518	1
552	1520	1
552	1522	1
552	1540	1
552	1544	1
552	1549	1
552	1571	1
552	1578	1
552	1581	1
552	1587	1
552	1594	1
552	1603	1
552	1604	1
552	1612	1
552	1613	1
552	1691	1
552	1754	1
552	796	0
552	783	0
552	804	0
552	786	0
552	817	0
553	638	1
553	590	0
553	1802	0
553	1823	0
553	1825	0
553	1830	0
554	357	1
554	400	1
554	1305	0
554	408	0
554	1303	0
554	282	0
554	1820	0
555	388	1
555	1176	1
555	1892	0
555	9	0
555	548	0
555	1634	0
555	408	0
556	691	1
556	696	1
556	697	0
556	1581	0
556	570	0
556	1575	0
556	1578	0
557	414	1
557	1795	1
557	417	0
557	563	0
557	548	0
558	566	1
558	727	0
558	584	0
558	1819	0
558	747	0
558	1524	0
559	1487	1
559	1581	0
559	1384	0
559	323	0
559	331	0
559	338	0
560	331	1
560	335	1
560	1584	0
560	599	0
560	437	0
560	929	0
560	1617	0
561	697	1
561	799	1
561	925	1
561	786	0
561	796	0
561	815	0
561	822	0
561	1161	0
562	223	1
562	747	0
562	737	0
562	727	0
562	1237	0
562	1524	0
563	472	1
563	478	1
563	476	0
563	471	0
563	477	0
564	566	1
564	584	1
564	33	0
564	332	0
564	42	0
564	112	0
564	101	0
565	590	1
565	1823	0
565	638	0
565	1827	0
565	639	0
566	539	1
566	1749	0
566	799	0
566	472	0
566	533	0
567	612	1
567	796	0
567	786	0
567	815	0
567	618	0
567	804	0
568	437	1
568	567	1
568	589	1
568	601	1
568	747	1
568	865	1
568	302	0
568	1235	0
568	295	0
568	1811	0
568	750	0
569	817	1
569	2028	0
569	2020	0
569	2023	0
569	1159	0
569	2007	0
570	1397	1
570	1403	0
570	402	0
570	386	0
570	253	0
570	1404	0
571	953	1
571	1482	0
571	480	0
571	504	0
571	1832	0
571	954	0
572	747	1
572	581	0
572	658	0
572	1845	0
572	737	0
572	863	0
573	603	1
573	1737	0
573	420	0
573	575	0
573	595	0
573	573	0
574	941	1
574	566	0
574	577	0
574	1930	0
574	1818	0
574	1509	0
575	1362	1
575	1991	1
575	1993	1
575	285	0
575	1390	0
575	1581	0
575	289	0
575	1713	0
576	692	1
576	697	1
576	1186	1
576	1704	0
576	1914	0
576	1889	0
576	737	0
576	1096	0
577	747	1
577	748	0
577	594	0
577	740	0
577	639	0
577	727	0
578	324	1
578	253	0
578	314	0
578	1551	0
578	267	0
578	252	0
579	747	1
579	630	0
579	1308	0
579	508	0
579	1304	0
580	584	1
580	275	0
580	590	0
580	747	0
580	1095	0
580	748	0
581	747	1
581	339	0
581	1116	0
581	963	0
581	1807	0
581	1700	0
582	1483	1
582	1505	1
582	1511	1
582	1512	1
582	1518	1
582	1522	1
582	1525	1
582	1542	1
582	1546	1
582	1547	1
582	1548	1
582	1550	1
582	1553	1
582	1555	1
582	1557	1
582	1563	1
582	1568	1
582	1587	1
582	1604	1
582	1609	1
582	1612	1
582	1193	0
582	1198	0
582	702	0
582	1723	0
582	1	0
583	549	1
583	623	1
583	625	1
583	626	1
583	627	1
583	629	1
583	632	1
583	648	1
583	848	1
583	913	1
583	916	1
583	921	0
583	1817	0
583	607	0
583	911	0
583	1597	0
584	584	1
584	593	1
584	614	0
584	206	0
584	101	0
584	789	0
584	33	0
585	340	1
585	566	0
585	289	0
585	371	0
585	267	0
585	341	0
586	1189	1
586	614	0
586	544	0
586	908	0
586	638	0
586	505	0
587	400	1
587	404	1
587	406	1
587	408	0
587	1733	0
587	1167	0
587	568	0
587	553	0
588	585	1
588	228	0
588	1099	0
588	913	0
588	1122	0
588	938	0
589	584	1
589	1844	1
589	1820	0
589	459	0
589	498	0
589	1737	0
589	1836	0
590	563	1
590	410	0
590	1811	0
590	591	0
590	1160	0
590	480	0
591	1342	1
591	1345	1
591	1347	1
591	1336	0
591	1341	0
591	1329	0
591	1368	0
592	571	1
592	654	0
592	658	0
592	657	0
592	584	0
592	618	0
593	511	1
593	525	1
593	816	0
593	803	0
593	590	0
593	460	0
593	804	0
594	1176	1
594	375	0
594	370	0
594	1175	0
594	1758	0
594	74	0
595	945	1
595	773	0
595	707	0
595	811	0
595	638	0
596	636	1
596	136	0
596	195	0
596	590	0
596	160	0
597	553	1
597	592	0
597	561	0
597	568	0
597	1167	0
597	135	0
598	1149	1
598	1153	1
598	513	0
598	1167	0
598	989	0
599	740	1
599	1312	0
599	1955	0
599	638	0
599	1310	0
600	284	1
600	324	1
600	657	0
600	695	0
600	1392	0
600	693	0
600	1384	0
601	748	1
601	571	0
601	740	0
601	727	0
601	1847	0
602	282	1
602	288	1
602	314	1
602	318	1
602	703	0
602	1229	0
602	1213	0
602	1357	0
602	791	0
603	387	1
603	1167	0
603	357	0
603	1729	0
603	727	0
604	638	1
604	136	0
604	605	0
604	1403	0
604	436	0
605	398	1
605	401	1
605	403	1
605	1274	0
605	1264	0
605	1283	0
605	1267	0
605	1269	0
606	638	1
606	694	0
606	696	0
606	1700	0
606	1807	0
606	246	0
607	493	1
607	799	1
607	798	0
607	492	0
607	803	0
608	434	1
608	571	1
608	576	1
608	592	1
608	748	1
608	935	1
608	949	1
608	953	1
608	954	1
608	1121	0
608	1507	0
608	1921	0
608	1917	0
608	776	0
609	585	1
609	567	0
609	580	0
609	228	0
609	584	0
610	131	1
610	135	0
610	159	0
610	195	0
610	136	0
611	909	1
611	1070	0
611	1072	0
611	286	0
611	1089	0
611	1826	0
612	346	1
612	357	1
612	367	1
612	383	1
612	390	1
612	401	1
612	403	1
612	404	1
612	406	1
612	553	1
612	592	1
612	1159	1
612	1160	1
612	1167	1
612	1176	1
612	1733	0
612	949	0
612	748	0
613	1245	1
613	1247	1
613	1266	1
613	1291	1
613	1259	0
613	1277	0
613	1280	0
613	1283	0
613	1288	0
614	638	1
614	639	0
614	732	0
614	748	0
614	1860	0
615	322	1
615	436	1
615	451	1
615	553	1
615	584	1
615	685	1
615	692	1
615	703	1
615	727	1
615	737	1
615	738	1
615	740	1
615	742	1
615	748	1
615	753	1
615	791	1
615	910	1
615	920	1
615	1167	1
615	1170	1
615	954	0
615	669	0
616	626	1
616	622	0
616	1814	0
616	1818	0
616	630	0
617	348	1
617	389	1
617	1730	1
617	1060	0
617	902	0
618	626	1
618	727	0
618	747	0
618	86	0
618	737	0
618	1814	0
619	747	1
619	296	0
619	289	0
619	267	0
619	1802	0
619	1317	0
620	296	1
620	1709	1
620	1104	0
620	293	0
620	1727	0
620	284	0
620	318	0
621	638	1
621	1524	0
621	903	0
621	1597	0
621	617	0
622	332	1
622	337	1
622	1343	1
622	1388	1
622	1406	1
622	1420	1
622	1424	1
622	1474	1
622	1488	1
622	1489	1
622	1516	1
622	1527	1
622	1534	1
622	1549	1
622	1577	1
622	1579	1
622	567	0
622	972	0
622	1170	0
622	27	0
622	659	0
623	493	1
623	690	1
623	367	0
623	1160	0
623	999	0
623	487	0
623	383	0
624	747	1
624	1116	0
624	1124	0
624	1923	0
624	1106	0
625	1970	1
625	338	0
625	1713	0
625	2001	0
625	1387	0
625	1384	0
626	493	1
626	616	1
626	798	0
626	804	0
626	925	0
626	816	0
626	492	0
627	549	1
627	188	0
627	144	0
627	120	0
627	143	0
627	151	0
628	390	1
628	548	1
628	549	1
628	563	1
628	1795	1
628	414	0
628	417	0
628	1811	0
629	430	1
629	1736	1
629	1313	0
629	1568	0
629	747	0
629	1353	0
629	1315	0
630	430	1
630	1736	1
630	595	0
630	420	0
630	1742	0
630	1740	0
631	521	0
631	481	0
631	1777	0
631	815	0
631	278	0
632	638	1
632	1826	0
632	1827	0
632	639	0
632	1861	0
632	668	0
633	824	1
633	828	1
633	831	1
633	834	0
633	846	0
634	1186	1
634	1193	0
634	702	0
634	1723	0
634	1198	0
634	1	0
635	422	1
635	1742	1
635	1736	0
635	543	0
635	28	0
636	1644	1
636	1643	0
636	387	0
636	1642	0
636	902	0
636	30	0
637	553	1
637	604	0
637	1753	0
637	481	0
637	811	0
637	748	0
638	747	1
638	658	0
638	663	0
638	673	0
638	737	0
639	543	1
639	1217	0
639	627	0
639	1813	0
639	114	0
639	1004	0
640	589	1
640	748	0
640	1825	0
640	571	0
640	1669	0
640	954	0
641	548	1
641	549	1
641	1187	0
641	39	0
641	1889	0
641	1818	0
641	1598	0
642	587	1
642	1819	0
642	1802	0
642	1693	0
642	1830	0
642	1805	0
643	584	1
643	566	0
643	727	0
643	1513	0
643	1696	0
643	1889	0
644	425	1
644	697	1
644	617	0
644	1818	0
644	712	0
644	955	0
644	428	0
645	420	1
645	715	1
645	1836	0
645	709	0
645	1737	0
646	795	1
646	798	1
646	802	1
646	804	0
646	816	0
646	618	0
647	800	1
647	805	1
647	807	1
647	195	0
647	1306	0
647	567	0
647	1575	0
647	1087	0
648	584	1
648	638	1
648	639	1
648	590	0
648	1825	0
648	1153	0
648	453	0
649	618	1
649	798	1
649	799	1
649	1839	0
649	706	0
649	772	0
649	692	0
649	620	0
650	1830	0
650	1802	0
650	2030	0
650	1854	0
650	727	0
651	436	1
651	543	1
651	548	1
651	549	1
651	587	1
651	916	1
651	28	0
651	1854	0
651	1936	0
651	1299	0
651	288	0
652	747	1
652	1312	0
652	1726	0
652	339	0
652	963	0
652	962	0
653	1607	1
653	584	0
653	717	0
653	720	0
653	747	0
654	131	1
654	136	0
654	153	0
654	137	0
654	170	0
655	565	1
655	576	1
655	594	1
655	694	1
655	697	1
655	737	1
655	747	1
655	752	1
655	827	1
655	828	1
655	829	1
655	831	1
655	838	1
655	858	1
655	861	1
655	903	1
655	905	1
655	1141	1
655	1166	1
655	1170	1
655	1221	1
655	1222	1
655	1303	1
655	1651	1
655	1689	1
655	526	0
655	44	0
655	61	0
656	367	1
656	383	1
656	390	1
656	1141	0
656	694	0
656	526	0
656	44	0
656	61	0
657	251	1
657	285	1
657	1141	0
657	694	0
657	526	0
657	44	0
657	61	0
658	747	1
658	1841	0
658	1848	0
658	1860	0
658	1123	0
658	1526	0
659	747	1
659	639	0
659	342	0
659	1861	0
659	638	0
659	646	0
660	130	1
660	135	0
660	183	0
660	138	0
660	506	0
660	187	0
661	138	1
661	136	0
661	187	0
661	131	0
661	135	0
661	153	0
662	1750	1
662	1136	0
662	1239	0
662	743	0
662	2022	0
662	1296	0
663	588	1
663	573	0
663	747	0
663	595	0
663	593	0
664	584	1
664	593	0
664	595	0
664	747	0
664	573	0
665	267	1
665	284	1
665	288	1
665	294	1
665	314	1
665	318	1
665	324	1
665	340	1
665	339	0
665	1090	0
665	887	0
665	963	0
666	549	1
666	564	1
666	584	1
666	747	1
666	800	1
666	807	1
666	248	0
666	750	0
666	673	0
666	816	0
666	737	0
667	617	1
667	861	1
667	916	1
667	1296	1
667	730	0
667	436	0
667	909	0
667	584	0
668	740	1
668	638	0
668	702	0
668	1353	0
668	1	0
668	1222	0
669	1773	0
669	1834	0
669	89	0
669	1971	0
669	1744	0
670	1549	1
670	1562	0
670	1565	0
670	1707	0
670	1967	0
671	798	1
671	795	0
671	802	0
671	803	0
671	816	0
672	568	1
672	525	0
672	1167	0
672	1825	0
672	561	0
673	1408	1
673	212	0
673	203	0
673	202	0
673	1629	0
674	799	1
674	493	0
674	494	0
674	492	0
674	618	0
675	799	1
675	618	0
675	925	0
675	804	0
675	798	0
676	625	1
676	1193	0
676	1	0
676	1353	0
676	916	0
676	638	0
677	1594	1
677	365	0
677	1357	0
677	846	0
677	363	0
677	370	0
678	264	1
678	299	0
678	319	0
678	282	0
678	285	0
679	648	1
679	909	1
679	912	1
679	916	1
679	734	0
679	914	0
679	625	0
680	906	1
680	2022	0
680	1497	0
680	1500	0
680	1976	0
680	1979	0
681	319	1
681	435	1
681	437	1
681	440	1
681	499	1
681	539	1
681	549	1
681	559	1
681	584	1
681	587	1
681	589	1
681	617	1
681	632	1
681	1343	1
681	1479	1
681	1524	1
681	1525	1
681	1622	1
681	1634	1
681	657	0
681	695	0
681	1392	0
681	693	0
681	1384	0
682	368	1
682	404	1
682	1159	1
682	991	0
682	1017	0
682	989	0
682	1343	0
682	626	0
683	368	1
683	388	1
683	1160	1
683	1172	1
683	1176	1
683	1820	0
683	638	0
684	941	1
684	143	0
684	1301	0
684	126	0
684	953	0
684	170	0
685	501	1
685	1208	0
685	1754	0
685	1	0
685	509	0
686	620	1
686	618	0
686	712	0
686	617	0
686	616	0
687	1529	1
687	1530	1
687	1531	1
687	1532	1
687	1533	1
687	1534	1
687	1535	1
687	1536	1
687	1537	1
687	695	0
687	1392	0
687	693	0
687	1384	0
687	1924	0
688	251	1
688	696	0
688	34	0
688	1353	0
688	307	0
688	282	0
689	906	1
689	951	0
689	450	0
689	940	0
689	446	0
689	947	0
690	692	1
690	616	0
690	1595	0
690	955	0
690	804	0
690	697	0
691	1160	1
691	989	0
691	1404	0
691	990	0
691	995	0
692	1737	1
692	420	0
692	1920	0
692	573	0
692	1742	0
693	420	1
693	715	1
693	1737	0
693	709	0
693	1836	0
694	584	1
694	638	1
694	639	1
694	1820	0
694	590	0
694	723	0
694	989	0
695	798	1
695	805	0
695	817	0
695	804	0
695	793	0
696	440	1
696	584	1
696	594	1
696	737	1
696	747	1
696	941	1
696	685	0
696	1839	0
697	470	1
697	488	1
697	589	0
697	804	0
697	791	0
697	816	0
697	805	0
698	266	1
698	929	0
698	288	0
698	1584	0
698	263	0
698	282	0
699	1206	0
699	740	0
699	275	0
699	1225	0
699	1895	0
700	267	1
700	1726	0
700	339	0
700	1830	0
700	1312	0
700	1802	0
701	906	1
701	941	0
701	645	0
701	451	0
701	1123	0
702	597	1
702	747	0
702	584	0
702	593	0
702	727	0
702	436	0
703	340	1
703	254	0
703	341	0
703	260	0
703	331	0
704	234	1
704	261	0
704	312	0
704	1579	0
704	1393	0
704	338	0
705	280	1
705	297	0
705	1593	0
705	282	0
705	288	0
705	284	0
706	902	1
706	727	0
706	86	0
706	1524	0
706	747	0
707	252	1
707	282	0
707	294	0
707	314	0
707	311	0
708	905	1
708	1888	0
708	727	0
708	747	0
708	903	0
709	757	1
709	761	1
709	765	0
709	1839	0
709	790	0
709	791	0
710	1585	1
710	282	0
710	566	0
710	584	0
710	285	0
710	638	0
711	638	1
711	668	0
711	604	0
711	1826	0
711	1823	0
711	639	0
712	715	1
712	811	0
712	949	0
712	1737	0
712	41	0
712	553	0
713	614	1
713	620	1
713	1208	0
713	1223	0
713	903	0
714	748	1
714	528	0
714	470	0
714	783	0
714	817	0
714	820	0
715	1138	1
715	1700	0
715	586	0
715	565	0
715	1952	0
715	1946	0
716	715	1
716	1836	1
716	1737	0
716	420	0
716	1633	0
717	420	1
717	1737	0
717	1836	0
717	715	0
717	1740	0
718	851	1
718	46	0
718	76	0
718	1142	0
718	556	0
718	547	0
719	906	1
719	1302	0
719	562	0
719	1469	0
719	416	0
720	367	1
720	383	1
720	390	1
720	420	0
720	715	0
720	28	0
720	1033	0
720	1813	0
721	1398	1
721	1403	1
721	638	0
721	703	0
721	748	0
721	747	0
721	737	0
722	747	1
722	285	0
722	1106	0
722	275	0
722	252	0
723	638	1
723	1343	1
723	1351	1
723	1378	1
723	1388	1
723	1390	1
723	1474	1
723	1488	1
723	1489	1
723	1541	0
723	1577	0
723	905	0
723	1071	0
723	254	0
724	2001	1
724	282	0
724	232	0
724	246	0
724	289	0
724	323	0
725	553	1
725	948	1
725	949	0
725	950	0
725	1893	0
725	592	0
726	548	1
726	621	0
726	716	0
726	1535	0
726	1596	0
726	1947	0
727	265	1
727	285	1
727	286	1
727	305	1
727	1479	1
727	1003	0
727	996	0
727	630	0
727	2001	0
727	282	0
728	612	1
728	618	0
728	712	0
728	616	0
728	798	0
728	610	0
729	903	1
729	436	0
729	982	0
729	1550	0
729	834	0
729	985	0
730	1854	0
730	740	0
730	1693	0
730	735	0
730	747	0
731	133	1
731	520	1
731	803	1
731	988	0
731	1177	0
731	702	0
731	1	0
731	1303	0
732	618	1
732	1595	0
732	804	0
732	798	0
732	955	0
733	420	1
733	709	0
733	1737	0
733	715	0
733	711	0
734	1171	1
734	590	0
734	713	0
734	977	0
734	1899	0
734	984	0
735	632	1
735	1114	0
735	1818	0
735	1819	0
735	1798	0
736	12	1
736	2	0
736	16	0
736	14	0
736	19	0
737	17	1
737	7	0
737	13	0
737	9	0
737	439	0
738	549	1
738	695	0
738	1392	0
738	393	0
738	693	0
738	548	0
739	803	1
739	798	0
739	797	0
739	617	0
739	1392	0
740	460	1
740	773	1
740	991	0
740	433	0
740	605	0
740	1100	0
740	1002	0
741	821	1
741	331	0
741	1469	0
741	1475	0
741	1490	0
741	1488	0
742	1390	1
742	2001	1
742	2028	0
742	1384	0
742	1392	0
742	1387	0
742	2020	0
743	332	1
743	1388	1
743	1581	0
743	1384	0
743	282	0
743	323	0
743	331	0
744	582	1
744	991	0
744	433	0
744	727	0
744	86	0
744	1002	0
745	573	1
745	588	0
745	747	0
745	593	0
745	1795	0
746	1304	1
746	1296	0
746	1136	0
746	1239	0
746	1148	0
746	1298	0
747	1406	1
747	1420	1
747	1424	1
747	1471	1
747	1474	1
747	1488	1
747	1489	1
747	1490	1
747	567	0
747	605	0
747	972	0
747	727	0
747	1535	0
748	476	1
748	493	1
748	549	1
748	773	1
748	799	1
748	814	1
748	816	1
748	605	0
748	567	0
748	651	0
748	972	0
748	727	0
749	584	1
749	339	0
749	252	0
749	235	0
749	231	0
749	478	0
750	354	1
750	355	1
750	367	1
750	383	1
750	390	1
750	401	1
750	403	1
750	1141	1
750	1144	1
750	1929	0
750	47	0
750	1142	0
750	851	0
751	458	1
751	519	1
751	521	1
751	529	1
751	1759	0
751	1773	0
751	1752	0
752	1179	1
752	1175	0
752	604	0
752	370	0
752	57	0
753	223	1
753	216	0
753	580	0
753	213	0
753	617	0
754	459	1
754	528	1
754	1755	0
754	1774	0
754	1759	0
754	1751	0
755	636	0
755	356	0
755	1207	0
755	426	0
755	1571	0
756	580	1
756	459	0
756	954	0
756	498	0
756	216	0
756	989	0
757	616	1
757	1809	0
757	1847	0
757	737	0
757	727	0
757	747	0
758	1167	1
758	1185	1
758	388	0
758	402	0
758	727	0
758	553	0
758	367	0
759	589	1
759	727	0
759	1403	0
759	748	0
759	934	0
760	289	1
760	341	0
760	638	0
760	340	0
760	282	0
761	505	1
761	1756	0
761	503	0
761	506	0
761	479	0
761	507	0
762	187	1
762	632	1
762	848	1
762	1176	1
762	2022	0
762	1497	0
762	1500	0
762	1976	0
762	1979	0
763	357	1
763	368	1
763	388	1
763	1403	0
763	424	0
763	1401	0
763	729	0
763	577	0
764	527	1
764	727	1
764	191	0
764	962	0
764	1073	0
764	189	0
764	171	0
765	291	1
765	506	1
765	702	0
765	1	0
765	1193	0
765	1208	0
765	1723	0
766	216	1
766	223	1
766	234	1
766	267	1
766	276	1
766	277	1
766	299	1
766	368	1
766	383	1
766	386	1
766	387	1
766	388	1
766	397	1
766	401	1
766	403	1
766	404	1
766	406	1
766	458	1
766	459	1
766	472	1
766	473	1
766	477	1
766	478	1
766	486	1
766	487	1
766	489	1
766	490	1
766	492	1
766	494	1
766	505	1
766	507	1
766	512	1
766	519	1
766	521	1
766	523	1
766	524	1
766	527	1
766	529	1
766	530	1
766	534	1
766	539	1
766	566	1
766	589	1
766	594	1
766	595	1
766	603	1
766	605	1
766	638	1
766	639	1
766	728	1
766	729	1
766	737	1
766	747	1
766	748	1
766	753	1
766	788	1
766	790	1
766	791	1
766	793	1
766	794	1
766	797	1
766	798	1
766	799	1
766	803	1
766	804	1
766	816	1
766	821	1
766	861	1
766	941	1
766	1137	1
766	1138	1
766	1139	1
766	1145	1
766	1155	1
766	1170	1
766	1171	1
766	1172	1
766	1185	1
766	1194	1
766	1197	1
766	1750	1
766	1403	0
766	424	0
766	1401	0
766	577	0
767	987	1
767	567	0
767	990	0
767	997	0
767	1934	0
768	501	1
768	470	0
768	486	0
768	507	0
768	467	0
769	159	1
769	165	1
769	192	1
769	961	1
769	1856	1
769	1222	0
769	1199	0
769	715	0
769	420	0
769	296	0
770	1549	1
770	1556	1
770	1560	1
770	1561	1
770	1562	1
770	1570	1
770	1571	1
770	1572	1
770	1573	1
770	1594	1
770	1613	1
770	621	0
770	1535	0
770	341	0
770	1533	0
770	566	0
771	345	1
771	346	1
771	347	1
771	351	1
771	358	1
771	363	1
771	364	1
771	365	1
771	367	1
771	369	1
771	383	1
771	384	1
771	385	1
771	387	1
771	389	1
771	390	1
771	395	1
771	401	1
771	403	1
771	404	1
771	406	1
771	412	1
771	417	1
771	1340	1
771	1343	1
771	1713	0
771	2001	0
771	323	0
771	313	0
771	312	0
772	231	1
772	232	1
772	235	1
772	236	1
772	246	1
772	252	1
772	254	1
772	263	1
772	267	1
772	275	1
772	276	1
772	282	1
772	285	1
772	286	1
772	288	1
772	289	1
772	293	1
772	296	1
772	300	1
772	303	1
772	307	1
772	310	1
772	312	1
772	314	1
772	317	1
772	319	1
772	324	1
772	340	1
772	341	1
772	1395	1
772	1398	1
772	1400	1
772	1401	1
772	1403	1
772	605	0
772	299	0
772	234	0
772	1155	0
773	200	1
773	205	1
773	207	1
773	211	1
773	222	1
773	225	1
773	508	0
773	1155	0
773	1304	0
773	638	0
773	659	0
774	965	1
774	967	1
774	973	1
774	974	1
774	977	1
774	979	1
774	981	1
774	985	1
774	986	1
774	992	1
774	994	1
774	995	1
774	996	1
774	999	1
774	1070	1
774	1071	1
774	1072	1
774	1073	1
774	1074	1
774	1082	1
774	1083	1
774	1134	1
774	1137	1
774	1138	1
774	1139	1
774	1141	1
774	1142	1
774	1145	1
774	1146	1
774	1157	1
774	1160	1
774	1163	1
774	1170	1
774	1176	1
774	1185	1
774	1197	1
774	1198	1
774	1203	1
774	1223	1
774	1294	1
774	1301	1
774	1304	1
774	1305	1
774	1846	0
774	1155	0
774	1823	0
774	436	0
774	1818	0
775	221	1
775	229	1
775	284	1
775	324	1
775	390	1
775	451	1
775	457	1
775	458	1
775	460	1
775	475	1
775	487	1
775	501	1
775	505	1
775	507	1
775	508	1
775	535	1
775	572	1
775	575	1
775	577	1
775	596	1
775	597	1
775	691	1
775	715	1
775	782	1
775	803	1
775	808	1
775	817	1
775	909	1
775	912	1
775	960	1
775	1083	1
775	1168	1
775	1179	1
775	1301	1
775	1519	1
775	695	0
775	1392	0
775	693	0
775	1384	0
775	991	0
776	727	1
776	1283	0
776	1271	0
776	605	0
776	695	0
776	1392	0
777	419	1
777	433	1
777	435	1
777	440	1
777	451	1
777	458	1
777	465	1
777	467	1
777	469	1
777	472	1
777	473	1
777	477	1
777	486	1
777	489	1
777	497	1
777	498	1
777	499	1
777	507	1
777	519	1
777	525	1
777	543	1
777	546	1
777	547	1
777	548	1
777	549	1
777	552	1
777	553	1
777	555	1
777	603	1
777	610	1
777	618	1
777	620	1
777	622	1
777	626	1
777	632	1
777	638	1
777	686	1
777	690	1
777	692	1
777	694	1
777	697	1
777	703	1
777	706	1
777	724	1
777	765	1
777	768	1
777	773	1
777	774	1
777	778	1
777	788	1
777	790	1
777	791	1
777	795	1
777	797	1
777	798	1
777	803	1
777	804	1
777	805	1
777	811	1
777	814	1
777	816	1
777	817	1
777	826	1
777	830	1
777	832	1
777	838	1
777	851	1
777	852	1
777	857	1
777	861	1
777	874	1
777	878	1
777	902	1
777	903	1
777	905	1
777	906	1
777	911	1
777	912	1
777	915	1
777	916	1
777	917	1
777	920	1
777	922	1
777	941	1
777	942	1
777	944	1
777	946	1
777	436	0
777	651	0
777	508	0
777	659	0
778	208	1
778	209	1
778	206	0
778	221	0
778	229	0
778	959	0
778	207	0
779	564	1
779	573	1
779	574	1
779	576	1
779	577	1
779	579	1
779	581	1
779	584	1
779	589	1
779	592	1
779	594	1
779	570	0
779	1190	0
779	1021	0
779	87	0
779	1720	0
780	344	1
780	459	1
780	481	1
780	505	1
780	543	1
780	549	1
780	578	1
780	582	1
780	593	1
780	613	1
780	616	1
780	617	1
780	724	1
780	748	1
780	803	1
780	817	1
780	911	1
780	955	1
780	1070	1
780	1081	1
780	1083	1
780	1370	1
780	1509	1
780	1518	1
780	1521	1
780	1524	1
780	1527	1
780	1540	1
780	1569	1
780	1576	1
780	1578	1
780	1579	1
780	1580	1
780	1581	1
780	1582	1
780	1590	1
780	1595	1
780	1596	1
780	1597	1
780	1598	1
780	1599	1
780	1601	1
780	1609	0
780	718	0
780	1291	0
780	714	0
780	1512	0
781	1103	0
781	743	0
781	1124	0
781	746	0
781	736	0
782	339	0
782	281	0
782	1090	0
782	252	0
782	1915	0
783	751	1
783	1070	0
783	1072	0
783	746	0
783	1071	0
784	747	1
784	903	0
784	302	0
784	1032	0
784	889	0
785	737	1
785	727	0
785	747	0
785	584	0
785	430	0
786	748	0
786	727	0
786	584	0
786	282	0
786	765	0
787	478	1
787	702	1
787	773	1
787	1179	1
787	994	0
787	1215	0
787	567	0
787	1170	0
787	790	0
788	740	1
788	748	0
788	753	0
788	752	0
788	738	0
789	748	1
789	740	0
789	571	0
789	903	0
789	651	0
790	740	1
790	781	0
790	782	0
790	252	0
790	903	0
791	285	1
791	275	0
791	1217	0
791	1544	0
791	1057	0
791	920	0
792	543	1
792	1222	0
792	902	0
792	28	0
792	40	0
792	1223	0
793	549	1
793	431	0
793	433	0
793	916	0
793	747	0
794	737	1
794	747	0
794	727	0
794	1839	0
794	658	0
795	318	1
795	296	0
795	1401	0
795	246	0
795	282	0
795	1071	0
796	688	1
796	697	1
796	1889	0
796	1830	0
796	737	0
796	1802	0
797	548	1
797	1790	0
797	1818	0
797	804	0
797	251	0
798	1159	1
798	1170	0
798	1937	0
798	989	0
798	1167	0
798	408	0
799	1846	1
799	639	0
799	1826	0
799	1823	0
799	638	0
799	1861	0
800	1832	0
800	33	0
800	644	0
800	36	0
800	112	0
801	1150	1
801	1167	1
801	561	0
801	592	0
801	1825	0
801	568	0
802	383	1
802	567	1
802	1000	1
802	1819	0
802	1814	0
802	1817	0
802	1818	0
802	626	0
803	727	1
803	86	0
803	902	0
803	584	0
803	996	0
804	727	1
804	1524	0
804	903	0
804	1818	0
804	1937	0
805	740	1
805	738	0
805	729	0
805	748	0
805	651	0
806	692	1
806	727	0
806	436	0
806	747	0
806	584	0
806	1030	0
807	1889	0
807	727	0
807	1524	0
807	747	0
807	33	0
808	145	1
808	148	1
808	150	0
808	155	0
808	146	0
808	142	0
809	159	1
809	1855	0
809	118	0
809	119	0
809	1759	0
809	1712	0
810	133	1
810	154	1
810	135	0
810	136	0
810	166	0
811	1784	1
811	1846	1
811	1710	0
811	1795	0
811	1819	0
811	1732	0
811	1839	0
812	1846	1
812	1840	0
812	99	0
812	1790	0
812	1847	0
812	115	0
813	286	1
813	957	0
813	339	0
813	1309	0
813	1726	0
813	1558	0
814	341	1
814	903	0
814	902	0
814	638	0
814	252	0
814	289	0
815	599	1
815	638	0
815	626	0
815	387	0
815	632	0
816	638	1
816	289	0
816	1826	0
816	589	0
816	636	0
817	804	1
817	925	0
817	768	0
817	798	0
817	802	0
818	798	1
818	804	0
818	1959	0
818	617	0
818	1818	0
818	618	0
819	617	1
819	798	0
819	616	0
819	784	0
819	618	0
820	458	1
820	481	1
820	513	1
820	413	0
820	1020	0
820	1795	0
820	459	0
821	617	1
821	911	1
821	921	1
821	1817	0
821	1818	0
821	607	0
821	920	0
822	803	1
822	798	0
822	816	0
822	493	0
822	804	0
823	282	1
823	305	1
823	1732	0
823	1709	0
823	1846	0
823	1784	0
823	1889	0
824	906	1
824	916	0
824	625	0
824	860	0
824	924	0
825	160	1
825	163	1
825	188	1
825	173	0
825	196	0
825	917	0
825	136	0
826	131	1
826	136	0
826	195	0
826	610	0
826	159	0
827	289	1
827	436	0
827	1846	0
827	903	0
827	1524	0
827	1696	0
828	458	1
828	459	1
828	528	0
828	817	0
828	670	0
828	724	0
828	460	0
829	798	1
829	802	0
829	803	0
829	816	0
829	795	0
830	493	1
830	803	0
830	816	0
830	798	0
830	797	0
831	737	1
831	1839	0
831	590	0
831	747	0
831	735	0
832	617	1
832	584	0
832	618	0
832	616	0
832	798	0
833	703	1
833	562	0
833	786	0
833	796	0
833	815	0
833	804	0
834	390	1
834	383	0
834	367	0
834	405	0
834	1160	0
835	458	1
835	459	0
835	457	0
835	460	0
835	526	0
836	1186	1
836	1858	0
836	461	0
836	1200	0
836	1402	0
836	1546	0
837	597	1
837	685	0
837	686	0
837	572	0
837	86	0
837	729	0
838	948	1
838	949	0
838	935	0
838	953	0
838	1301	0
838	940	0
839	906	1
839	913	0
839	589	0
839	65	0
839	909	0
840	256	1
840	1541	0
840	244	0
840	1577	0
840	254	0
841	566	1
841	570	1
841	1543	0
841	1123	0
841	747	0
841	1845	0
842	906	1
842	916	0
842	727	0
842	1814	0
842	1819	0
843	263	1
843	1137	0
843	1139	0
843	369	0
843	371	0
843	349	0
844	363	1
844	365	1
844	367	1
844	383	1
844	384	1
844	390	1
844	704	0
844	1799	0
844	39	0
844	905	0
844	387	0
845	638	1
845	1826	0
845	639	0
845	958	0
845	668	0
846	282	1
846	285	0
846	1720	0
846	311	0
846	249	0
846	250	0
847	828	1
847	733	0
847	472	0
847	318	0
847	287	0
847	284	0
848	1151	1
848	1152	0
848	485	0
848	1820	0
848	1668	0
849	1149	1
849	513	0
849	926	0
849	1153	0
849	485	0
850	405	0
850	347	0
850	387	0
850	410	0
850	548	0
851	460	1
851	584	1
851	594	1
851	850	1
851	869	1
851	1117	0
851	1406	0
851	1420	0
851	1099	0
851	1383	0
852	773	1
852	1274	0
852	1271	0
852	1283	0
852	1264	0
852	1287	0
853	232	1
853	305	1
853	1283	0
853	1264	0
853	1960	0
853	1271	0
853	1275	0
854	616	1
854	1809	0
854	866	0
854	626	0
854	620	0
854	1847	0
855	688	1
855	902	0
855	725	0
855	737	0
855	727	0
855	905	0
856	1186	1
856	1943	1
856	1217	0
856	1899	0
856	90	0
856	858	0
856	1937	0
857	703	1
857	1630	0
857	1676	0
857	282	0
857	430	0
857	84	0
858	296	1
858	340	0
858	289	0
858	267	0
858	252	0
859	584	1
859	561	0
859	587	0
859	577	0
859	581	0
859	1825	0
860	509	1
860	571	1
860	1753	1
860	1754	1
860	1767	1
860	1768	1
860	1769	1
860	1770	1
860	866	0
860	1849	0
860	616	0
860	567	0
861	706	1
861	548	0
861	617	0
861	1892	0
861	436	0
862	390	1
862	387	0
862	388	0
862	357	0
862	1160	0
863	178	1
863	170	0
863	131	0
863	185	0
863	135	0
863	136	0
864	552	1
864	902	1
864	1729	0
864	387	0
864	1889	0
864	905	0
865	747	1
865	252	0
865	737	0
865	1827	0
865	1725	0
865	33	0
866	629	1
866	1814	0
866	1100	0
866	1819	0
866	916	0
866	1818	0
867	282	1
867	1551	0
867	288	0
867	319	0
867	1556	0
868	905	1
868	1888	0
868	433	0
868	79	0
868	1924	0
869	285	1
869	284	0
869	294	0
869	440	0
869	1560	0
870	284	1
870	286	1
870	294	1
870	314	1
870	324	1
870	1552	0
870	1550	0
870	1274	0
870	1562	0
870	1549	0
871	342	1
871	232	0
871	570	0
871	282	0
871	246	0
871	318	0
872	917	1
872	195	0
872	136	0
872	702	0
872	160	0
873	584	1
873	697	1
873	748	0
873	727	0
873	747	0
873	86	0
873	594	0
874	282	1
874	1089	0
874	1384	0
874	286	0
874	1485	0
874	1392	0
875	791	1
875	786	0
875	788	0
875	757	0
875	817	0
876	282	1
876	1549	0
876	1562	0
876	1686	0
876	1552	0
876	1565	0
877	1190	1
877	1407	0
877	1235	0
877	1219	0
877	394	0
877	241	0
878	603	1
878	594	0
878	748	0
878	740	0
878	727	0
878	571	0
879	0	1
879	1	1
879	2	1
879	3	1
879	4	1
879	5	1
879	6	1
879	7	1
879	8	1
879	9	1
879	10	1
879	11	1
879	12	1
879	13	1
879	14	1
879	15	1
879	16	1
879	17	1
879	18	1
879	19	1
879	20	1
879	21	1
879	22	1
879	23	1
879	24	1
879	141	1
879	151	1
879	567	0
879	972	0
879	1935	0
879	959	0
879	1936	0
880	1487	1
880	1384	0
880	331	0
880	293	0
880	282	0
881	296	1
881	1203	0
881	1222	0
881	1206	0
881	1227	0
881	1224	0
882	310	0
882	737	0
882	773	0
882	780	0
882	814	0
883	838	1
883	644	0
883	903	0
883	33	0
883	587	0
884	575	1
884	603	1
884	549	0
884	920	0
884	1740	0
885	284	1
885	1313	0
885	314	0
885	324	0
885	887	0
886	597	1
886	285	0
886	1889	0
886	1598	0
886	1799	0
887	558	1
887	291	0
887	1811	0
887	692	0
887	1731	0
887	1572	0
888	632	1
888	285	0
888	430	0
888	1819	0
888	282	0
888	284	0
889	1213	1
889	1208	0
889	1203	0
889	1209	0
889	1222	0
890	617	1
890	618	0
890	616	0
890	1593	0
890	803	0
890	622	0
891	585	1
891	638	0
891	702	0
891	1222	0
891	1203	0
891	1208	0
892	894	0
892	928	0
892	310	0
892	318	0
892	898	0
893	548	1
893	405	0
893	549	0
893	553	0
893	408	0
894	232	1
894	436	1
894	624	1
894	251	0
894	863	0
894	1790	0
894	1818	0
895	584	1
895	339	0
895	314	0
895	281	0
895	294	0
895	1725	0
896	790	1
896	791	1
896	1839	0
896	788	0
896	757	0
896	737	0
897	405	0
897	282	0
897	597	0
897	410	0
897	1889	0
898	902	1
898	628	0
898	431	0
898	1222	0
898	1594	0
899	574	1
899	573	0
899	1524	0
899	593	0
899	747	0
900	703	1
900	567	0
900	562	0
900	707	0
900	1402	0
901	489	1
901	1175	0
901	370	0
901	74	0
901	487	0
901	377	0
902	0	1
902	1	1
902	2	1
902	3	1
902	4	1
902	5	1
902	6	1
902	7	1
902	8	1
902	9	1
902	10	1
902	11	1
902	12	1
902	13	1
902	14	1
902	15	1
902	16	1
902	17	1
902	18	1
902	19	1
902	20	1
902	21	1
902	22	1
902	23	1
903	874	1
903	861	0
903	230	0
903	514	0
903	1235	0
903	1888	0
904	254	1
904	314	0
904	727	0
904	747	0
904	1795	0
905	1349	1
905	1485	0
905	312	0
905	1576	0
905	261	0
905	1392	0
906	286	1
906	296	1
906	311	1
906	319	1
906	282	0
906	285	0
906	341	0
906	289	0
906	284	0
907	386	1
907	409	0
907	553	0
907	1002	0
907	346	0
908	567	1
908	1007	0
908	997	0
908	995	0
908	989	0
908	972	0
909	1160	1
909	1934	0
909	989	0
909	995	0
909	409	0
910	1403	1
910	933	0
910	1690	0
910	1381	0
910	959	0
910	544	0
911	566	1
911	748	0
911	87	0
911	604	0
911	727	0
911	86	0
912	911	1
912	920	1
912	922	1
912	1114	0
912	1937	0
913	911	1
913	920	1
913	922	1
913	916	0
913	625	0
913	859	0
914	748	0
914	571	0
914	669	0
914	740	0
914	727	0
915	917	1
915	916	0
915	915	0
915	1814	0
915	911	0
916	584	1
916	478	0
916	954	0
916	571	0
916	459	0
916	467	0
917	555	1
917	280	0
917	1811	0
917	903	0
917	69	0
918	903	1
918	436	0
918	1196	0
918	570	0
918	1845	0
919	737	1
919	791	0
919	1846	0
919	1840	0
919	692	0
920	798	1
920	817	0
920	816	0
920	804	0
920	803	0
921	397	1
921	713	0
921	804	0
921	814	0
921	405	0
921	1729	0
922	458	1
922	1160	0
922	1176	0
922	1159	0
922	459	0
923	1189	0
923	51	0
923	75	0
923	903	0
923	543	0
924	363	1
924	365	1
924	384	1
924	1784	0
924	1601	0
924	1859	0
924	1836	0
924	549	0
925	285	1
925	284	0
925	282	0
925	297	0
925	747	0
926	584	1
926	617	0
926	1591	0
926	548	0
926	549	0
927	288	1
927	318	0
927	297	0
927	316	0
927	285	0
927	280	0
928	584	1
928	638	0
928	1071	0
928	906	0
928	747	0
929	367	1
929	383	1
929	390	1
929	387	0
929	1644	0
929	1643	0
929	727	0
929	30	0
930	267	1
930	752	1
930	903	0
930	584	0
930	727	0
930	638	0
930	549	0
931	737	1
931	1839	0
931	757	0
931	1829	0
931	742	0
932	692	1
932	697	0
932	479	0
932	831	0
932	795	0
933	282	1
933	1274	0
933	253	0
933	288	0
933	1565	0
934	1406	1
934	1417	1
934	1419	1
934	1425	1
934	1225	0
934	1222	0
934	195	0
934	1197	0
934	715	0
935	322	1
935	304	0
935	252	0
935	231	0
935	282	0
936	747	1
936	288	0
936	1071	0
936	1700	0
936	252	0
937	339	0
937	747	0
937	252	0
937	752	0
937	1312	0
938	593	1
938	638	0
938	1846	0
938	584	0
938	1889	0
938	747	0
939	831	1
939	1240	0
939	492	0
939	133	0
939	827	0
940	827	1
940	833	1
940	841	0
940	824	0
940	430	0
940	282	0
941	256	1
941	1104	0
941	144	0
941	293	0
941	188	0
941	320	0
942	1392	1
942	1379	0
942	282	0
942	1318	0
942	1384	0
943	568	1
943	1825	0
943	513	0
943	1167	0
943	525	0
943	592	0
944	916	1
944	1100	0
944	1919	0
944	1891	0
944	1818	0
945	556	1
945	378	0
945	1204	0
945	1316	0
945	902	0
945	929	0
946	706	1
946	548	0
946	408	0
946	1892	0
946	1176	0
946	436	0
947	1159	1
947	748	0
947	408	0
947	1170	0
947	1167	0
947	571	0
948	1594	1
948	933	0
948	1616	0
948	387	0
948	1165	0
949	902	1
949	727	0
949	747	0
949	86	0
949	1524	0
950	1176	1
950	388	0
950	1167	0
950	989	0
950	408	0
951	638	1
951	668	0
951	604	0
951	639	0
951	1826	0
952	584	1
952	954	0
952	480	0
952	478	0
952	1001	0
952	459	0
953	1170	1
953	1936	0
953	1937	0
953	66	0
953	1167	0
954	697	1
954	903	0
954	566	0
954	1524	0
954	747	0
954	1846	0
955	354	1
955	1811	0
955	903	0
955	1784	0
955	1729	0
955	1795	0
956	318	1
956	314	0
956	294	0
956	324	0
956	296	0
956	267	0
957	319	1
957	282	0
957	291	0
957	286	0
957	285	0
957	232	0
958	1298	1
958	1301	0
958	1304	0
958	1308	0
958	1305	0
959	1343	1
959	282	0
959	638	0
959	286	0
959	436	0
959	727	0
960	1889	0
960	1729	0
960	1790	0
960	1788	0
960	1802	0
961	548	1
961	1196	0
961	543	0
961	644	0
961	440	0
961	1598	0
962	1388	1
962	1500	0
962	282	0
962	1484	0
962	2028	0
962	332	0
963	1391	1
963	1384	0
963	250	0
963	1318	0
963	313	0
963	1474	0
964	697	1
964	686	0
964	1645	0
964	1653	0
964	1819	0
965	911	1
965	584	0
965	920	0
965	590	0
965	1818	0
966	543	1
966	547	0
966	260	0
966	46	0
966	1784	0
967	593	1
967	1524	0
967	1590	0
967	1521	0
967	903	0
968	697	1
968	1839	0
968	737	0
968	791	0
968	747	0
968	727	0
969	368	1
969	386	1
969	388	1
969	1003	0
969	30	0
969	1643	0
969	411	0
969	1775	0
970	304	1
970	1819	0
970	282	0
970	1634	0
970	548	0
970	285	0
971	905	1
971	433	0
971	1888	0
971	727	0
971	86	0
972	566	1
972	747	0
972	584	0
972	727	0
972	577	0
973	905	1
973	1888	0
973	433	0
973	1818	0
973	1784	0
974	1160	1
974	989	0
974	997	0
974	972	0
974	979	0
975	584	1
975	597	0
975	264	0
975	1114	0
975	1802	0
975	1799	0
976	493	1
976	496	0
976	520	0
976	494	0
976	1754	0
977	388	1
977	1176	1
977	740	0
977	604	0
977	436	0
977	737	0
977	65	0
978	574	1
978	747	0
978	903	0
978	341	0
978	593	0
979	620	1
979	310	0
979	618	0
979	1795	0
979	804	0
979	241	0
980	851	1
980	289	0
980	747	0
980	584	0
980	588	0
980	1106	0
981	1635	1
981	1270	0
981	590	0
981	911	0
981	1889	0
982	573	1
982	1892	0
982	548	0
982	9	0
982	929	0
982	405	0
983	1532	0
983	450	0
983	951	0
983	1123	0
983	645	0
984	280	1
984	304	0
984	285	0
984	340	0
984	282	0
984	318	0
985	580	0
985	1846	0
985	741	0
985	747	0
985	1843	0
986	312	1
986	261	0
986	282	0
986	1393	0
986	285	0
987	902	1
987	1736	0
987	1733	0
987	1598	0
987	928	0
987	39	0
988	704	1
988	1799	0
988	597	0
988	543	0
988	315	0
989	916	1
989	589	0
989	909	0
989	1937	0
989	914	0
990	319	1
990	324	0
990	1565	0
990	282	0
990	1562	0
991	697	1
991	903	0
991	1889	0
991	686	0
991	727	0
992	703	1
992	562	0
992	439	0
992	605	0
992	576	0
992	705	0
993	631	1
993	632	1
993	1819	0
993	1114	0
993	1227	0
993	1784	0
994	727	0
994	748	0
994	86	0
994	393	0
994	367	0
995	367	1
995	383	1
995	384	1
995	386	1
995	995	0
995	1007	0
995	989	0
995	990	0
996	339	0
996	1726	0
996	1090	0
996	1700	0
996	1876	0
997	340	1
997	341	0
997	845	0
997	324	0
997	638	0
997	265	0
998	577	1
998	1071	0
998	88	0
998	135	0
998	89	0
998	704	0
999	1678	0
999	1784	0
999	1208	0
999	1653	0
999	1679	0
1000	1403	1
1000	402	0
1000	322	0
1000	1401	0
1000	1071	0
1001	340	1
1001	1543	0
1001	1584	0
1001	289	0
1001	282	0
1001	1573	0
1002	692	1
1002	727	0
1002	747	0
1002	436	0
1002	86	0
1002	748	0
1003	806	1
1003	1330	0
1003	321	0
1003	416	0
1003	245	0
1003	250	0
1004	803	1
1004	816	0
1004	798	0
1004	804	0
1004	618	0
1005	493	1
1005	593	1
1005	821	1
1005	727	0
1005	86	0
1005	748	0
1005	729	0
1005	747	0
1006	390	1
1006	387	0
1006	715	0
1006	420	0
1006	702	0
1006	713	0
1007	911	1
1007	906	0
1007	916	0
1007	920	0
1007	913	0
1008	287	1
1008	318	0
1008	310	0
1008	69	0
1008	834	0
1009	910	1
1009	916	0
1009	625	0
1009	859	0
1009	1950	0
1009	1814	0
1010	902	1
1010	707	0
1010	94	0
1010	1594	0
1010	1198	0
1010	405	0
1011	584	1
1011	621	0
1011	566	0
1011	1537	0
1011	1123	0
1011	234	0
1012	577	1
1012	574	0
1012	597	0
1012	408	0
1012	596	0
1013	264	1
1013	285	0
1013	282	0
1013	1573	0
1013	254	0
1014	258	1
1014	282	1
1014	289	1
1014	285	0
1014	341	0
1014	318	0
1014	1562	0
1015	573	1
1015	575	0
1015	1106	0
1015	588	0
1015	584	0
1016	1175	1
1016	388	0
1016	490	0
1016	385	0
1016	1176	0
1016	486	0
1017	1641	1
1017	1642	1
1017	1644	1
1017	32	0
1017	1643	0
1017	1002	0
1018	235	1
1018	252	0
1018	1524	0
1018	584	0
1018	747	0
1019	622	1
1019	624	1
1019	629	1
1019	630	1
1019	1599	0
1019	1170	0
1019	713	0
1020	626	1
1020	622	0
1020	805	0
1020	1818	0
1020	623	0
1021	341	1
1021	304	0
1021	1806	0
1021	267	0
1021	1889	0
1021	314	0
1022	727	0
1022	86	0
1022	747	0
1022	748	0
1022	566	0
1023	282	1
1023	1562	0
1023	1552	0
1023	285	0
1023	318	0
1024	1397	1
1024	703	0
1024	748	0
1024	1404	0
1024	911	0
1025	285	1
1025	294	1
1025	297	1
1025	264	0
1025	786	0
1025	796	0
1025	815	0
1025	570	0
1026	1138	1
1026	1823	0
1026	590	0
1026	1825	0
1026	1820	0
1026	1729	0
1027	903	1
1027	1784	0
1027	1819	0
1027	1653	0
1027	697	0
1028	902	1
1028	727	0
1028	1071	0
1028	86	0
1028	584	0
1028	1203	0
1029	638	0
1029	639	0
1029	1398	0
1029	646	0
1029	727	0
1030	549	1
1030	1194	1
1030	7	0
1030	1782	0
1030	1817	0
1030	1818	0
1030	1947	0
1031	1403	1
1031	740	0
1031	1240	0
1031	1187	0
1031	1643	0
1032	917	1
1032	589	0
1032	1167	0
1032	748	0
1032	727	0
1032	436	0
1033	285	1
1033	282	0
1033	232	0
1033	324	0
1033	340	0
1034	574	1
1034	575	1
1034	1514	0
1034	1795	0
1034	1524	0
1034	1521	0
1035	903	1
1035	1889	0
1035	1846	0
1035	727	0
1035	1888	0
1036	638	1
1036	861	0
1036	639	0
1036	604	0
1036	1823	0
1037	702	1
1037	610	0
1037	917	0
1037	1071	0
1037	1397	0
1037	915	0
1038	356	1
1038	353	0
1038	351	0
1038	405	0
1038	354	0
1039	579	1
1039	1818	0
1039	1813	0
1039	1817	0
1039	1071	0
1040	580	0
1040	223	0
1040	216	0
1040	945	0
1040	1846	0
1041	903	1
1041	638	0
1041	1176	0
1041	135	0
1041	989	0
1042	596	1
1042	804	0
1042	429	0
1042	436	0
1042	902	0
1042	574	0
1043	692	1
1043	697	1
1043	737	1
1043	747	0
1043	727	0
1043	1893	0
1043	1802	0
1043	748	0
1044	282	1
1044	319	0
1044	318	0
1044	1915	0
1044	1089	0
1045	301	1
1045	285	0
1045	282	0
1045	319	0
1045	318	0
1045	267	0
1046	282	1
1046	1566	0
1046	294	0
1046	1552	0
1046	1562	0
1046	1549	0
1047	267	1
1047	296	1
1047	340	1
1047	574	0
1047	593	0
1047	747	0
1047	436	0
1047	727	0
1048	401	1
1048	632	0
1048	549	0
1048	405	0
1048	713	0
1048	387	0
1049	340	1
1049	1390	1
1049	289	0
1049	341	0
1049	267	0
1049	1805	0
1050	838	1
1050	824	0
1050	436	0
1050	828	0
1050	727	0
1050	747	0
1051	831	1
1051	839	0
1051	846	0
1051	843	0
1051	832	0
1051	834	0
1052	903	1
1052	567	0
1052	965	0
1052	972	0
1052	905	0
1052	561	0
1053	330	1
1053	282	0
1053	285	0
1053	1651	0
1053	1828	0
1053	254	0
1054	566	1
1054	639	0
1054	597	0
1054	638	0
1054	590	0
1055	584	1
1055	748	0
1055	747	0
1055	737	0
1055	594	0
1055	727	0
